# Final state angular momentum:   1
# Broadening parameter (in eV):    0.500
# Absorbing atom type (xiabs):   1
# Energy (eV)   sigma
  -10.00000000    0.00081049
   -9.95995996    0.00081564
   -9.91991992    0.00082084
   -9.87987988    0.00082609
   -9.83983984    0.00083139
   -9.79979980    0.00083675
   -9.75975976    0.00084217
   -9.71971972    0.00084764
   -9.67967968    0.00085316
   -9.63963964    0.00085875
   -9.59959960    0.00086439
   -9.55955956    0.00087009
   -9.51951952    0.00087585
   -9.47947948    0.00088168
   -9.43943944    0.00088756
   -9.39939940    0.00089351
   -9.35935936    0.00089952
   -9.31931932    0.00090560
   -9.27927928    0.00091174
   -9.23923924    0.00091794
   -9.19919920    0.00092422
   -9.15915916    0.00093056
   -9.11911912    0.00093698
   -9.07907908    0.00094346
   -9.03903904    0.00095002
   -8.99899900    0.00095665
   -8.95895896    0.00096335
   -8.91891892    0.00097013
   -8.87887888    0.00097698
   -8.83883884    0.00098391
   -8.79879880    0.00099092
   -8.75875876    0.00099801
   -8.71871872    0.00100518
   -8.67867868    0.00101244
   -8.63863864    0.00101978
   -8.59859860    0.00102720
   -8.55855856    0.00103471
   -8.51851852    0.00104231
   -8.47847848    0.00105000
   -8.43843844    0.00105777
   -8.39839840    0.00106565
   -8.35835836    0.00107361
   -8.31831832    0.00108167
   -8.27827828    0.00108983
   -8.23823824    0.00109808
   -8.19819820    0.00110644
   -8.15815816    0.00111490
   -8.11811812    0.00112346
   -8.07807808    0.00113213
   -8.03803804    0.00114091
   -7.99799800    0.00114979
   -7.95795796    0.00115879
   -7.91791792    0.00116790
   -7.87787788    0.00117712
   -7.83783784    0.00118646
   -7.79779780    0.00119592
   -7.75775776    0.00120550
   -7.71771772    0.00121521
   -7.67767768    0.00122504
   -7.63763764    0.00123500
   -7.59759760    0.00124509
   -7.55755756    0.00125531
   -7.51751752    0.00126567
   -7.47747748    0.00127616
   -7.43743744    0.00128680
   -7.39739740    0.00129758
   -7.35735736    0.00130850
   -7.31731732    0.00131957
   -7.27727728    0.00133079
   -7.23723724    0.00134217
   -7.19719720    0.00135370
   -7.15715716    0.00136540
   -7.11711712    0.00137725
   -7.07707708    0.00138927
   -7.03703704    0.00140146
   -6.99699700    0.00141383
   -6.95695696    0.00142637
   -6.91691692    0.00143909
   -6.87687688    0.00145199
   -6.83683684    0.00146508
   -6.79679680    0.00147836
   -6.75675676    0.00149183
   -6.71671672    0.00150551
   -6.67667668    0.00151938
   -6.63663664    0.00153346
   -6.59659660    0.00154776
   -6.55655656    0.00156227
   -6.51651652    0.00157700
   -6.47647648    0.00159195
   -6.43643644    0.00160713
   -6.39639640    0.00162255
   -6.35635636    0.00163820
   -6.31631632    0.00165411
   -6.27627628    0.00167026
   -6.23623624    0.00168666
   -6.19619620    0.00170333
   -6.15615616    0.00172026
   -6.11611612    0.00173747
   -6.07607608    0.00175496
   -6.03603604    0.00177273
   -5.99599600    0.00179079
   -5.95595596    0.00180915
   -5.91591592    0.00182782
   -5.87587588    0.00184679
   -5.83583584    0.00186609
   -5.79579580    0.00188572
   -5.75575576    0.00190568
   -5.71571572    0.00192598
   -5.67567568    0.00194663
   -5.63563564    0.00196765
   -5.59559560    0.00198903
   -5.55555556    0.00201079
   -5.51551552    0.00203294
   -5.47547548    0.00205548
   -5.43543544    0.00207843
   -5.39539540    0.00210179
   -5.35535536    0.00212559
   -5.31531532    0.00214982
   -5.27527528    0.00217449
   -5.23523524    0.00219963
   -5.19519520    0.00222525
   -5.15515516    0.00225135
   -5.11511512    0.00227794
   -5.07507508    0.00230505
   -5.03503504    0.00233268
   -4.99499499    0.00236085
   -4.95495495    0.00238958
   -4.91491491    0.00241887
   -4.87487487    0.00244875
   -4.83483483    0.00247923
   -4.79479479    0.00251033
   -4.75475475    0.00254207
   -4.71471471    0.00257446
   -4.67467467    0.00260752
   -4.63463463    0.00264127
   -4.59459459    0.00267574
   -4.55455455    0.00271094
   -4.51451451    0.00274689
   -4.47447447    0.00278362
   -4.43443443    0.00282116
   -4.39439439    0.00285952
   -4.35435435    0.00289873
   -4.31431431    0.00293882
   -4.27427427    0.00297981
   -4.23423423    0.00302174
   -4.19419419    0.00306463
   -4.15415415    0.00310851
   -4.11411411    0.00315342
   -4.07407407    0.00319939
   -4.03403403    0.00324646
   -3.99399399    0.00329465
   -3.95395395    0.00334402
   -3.91391391    0.00339459
   -3.87387387    0.00344642
   -3.83383383    0.00349953
   -3.79379379    0.00355399
   -3.75375375    0.00360983
   -3.71371371    0.00366711
   -3.67367367    0.00372587
   -3.63363363    0.00378617
   -3.59359359    0.00384807
   -3.55355355    0.00391162
   -3.51351351    0.00397690
   -3.47347347    0.00404395
   -3.43343343    0.00411285
   -3.39339339    0.00418367
   -3.35335335    0.00425649
   -3.31331331    0.00433138
   -3.27327327    0.00440843
   -3.23323323    0.00448772
   -3.19319319    0.00456935
   -3.15315315    0.00465341
   -3.11311311    0.00473999
   -3.07307307    0.00482922
   -3.03303303    0.00492119
   -2.99299299    0.00501603
   -2.95295295    0.00511386
   -2.91291291    0.00521481
   -2.87287287    0.00531903
   -2.83283283    0.00542666
   -2.79279279    0.00553785
   -2.75275275    0.00565276
   -2.71271271    0.00577158
   -2.67267267    0.00589449
   -2.63263263    0.00602168
   -2.59259259    0.00615336
   -2.55255255    0.00628975
   -2.51251251    0.00643109
   -2.47247247    0.00657762
   -2.43243243    0.00672961
   -2.39239239    0.00688735
   -2.35235235    0.00705113
   -2.31231231    0.00722127
   -2.27227227    0.00739813
   -2.23223223    0.00758206
   -2.19219219    0.00777346
   -2.15215215    0.00797276
   -2.11211211    0.00818039
   -2.07207207    0.00839685
   -2.03203203    0.00862266
   -1.99199199    0.00885837
   -1.95195195    0.00910459
   -1.91191191    0.00936196
   -1.87187187    0.00963118
   -1.83183183    0.00991301
   -1.79179179    0.01020827
   -1.75175175    0.01051782
   -1.71171171    0.01084264
   -1.67167167    0.01118375
   -1.63163163    0.01154229
   -1.59159159    0.01191948
   -1.55155155    0.01231665
   -1.51151151    0.01273525
   -1.47147147    0.01317687
   -1.43143143    0.01364325
   -1.39139139    0.01413629
   -1.35135135    0.01465806
   -1.31131131    0.01521086
   -1.27127127    0.01579719
   -1.23123123    0.01641983
   -1.19119119    0.01708182
   -1.15115115    0.01778654
   -1.11111111    0.01853769
   -1.07107107    0.01933942
   -1.03103103    0.02019627
   -0.99099099    0.02111334
   -0.95095095    0.02209625
   -0.91091091    0.02315127
   -0.87087087    0.02428539
   -0.83083083    0.02550636
   -0.79079079    0.02682286
   -0.75075075    0.02824454
   -0.71071071    0.02978212
   -0.67067067    0.03144757
   -0.63063063    0.03325413
   -0.59059059    0.03521649
   -0.55055055    0.03735080
   -0.51051051    0.03967478
   -0.47047047    0.04220766
   -0.43043043    0.04497012
   -0.39039039    0.04798411
   -0.35035035    0.05127241
   -0.31031031    0.05485819
   -0.27027027    0.05876412
   -0.23023023    0.06301145
   -0.19019019    0.06761867
   -0.15015015    0.07260011
   -0.11011011    0.07796429
   -0.07007007    0.08360869
   -0.03003003    0.08968827
    0.01001001    0.09618702
    0.05005005    0.10303537
    0.09009009    0.11016367
    0.13013013    0.11744261
    0.17017017    0.12479887
    0.21021021    0.13211797
    0.25025025    0.13923544
    0.29029029    0.14595406
    0.33033033    0.15204942
    0.37037037    0.15728197
    0.41041041    0.16141607
    0.45045045    0.16424482
    0.49049049    0.16561705
    0.53053053    0.16546094
    0.57057057    0.16379842
    0.61061061    0.16074610
    0.65065065    0.15650198
    0.69069069    0.15132072
    0.73073073    0.14548322
    0.77077077    0.13926704
    0.81081081    0.13292249
    0.85085085    0.12665734
    0.89089089    0.12062995
    0.93093093    0.11494958
    0.97097097    0.10968147
    1.01101101    0.10485457
    1.05105105    0.10047034
    1.09109109    0.09651154
    1.13113113    0.09295009
    1.17117117    0.08975356
    1.21121121    0.08688993
    1.25125125    0.08433043
    1.29129129    0.08205071
    1.33133133    0.08003064
    1.37137137    0.07825347
    1.41141141    0.07670477
    1.45145145    0.07537148
    1.49149149    0.07424132
    1.53153153    0.07330232
    1.57157157    0.07254263
    1.61161161    0.07195016
    1.65165165    0.07151236
    1.69169169    0.07121593
    1.73173173    0.07104677
    1.77177177    0.07099021
    1.81181181    0.07103140
    1.85185185    0.07115595
    1.89189189    0.07135035
    1.93193193    0.07160217
    1.97197197    0.07189987
    2.01201201    0.07223232
    2.05205205    0.07258813
    2.09209209    0.07295501
    2.13213213    0.07331934
    2.17217217    0.07366600
    2.21221221    0.07397872
    2.25225225    0.07424091
    2.29229229    0.07443707
    2.33233233    0.07455453
    2.37237237    0.07458504
    2.41241241    0.07452574
    2.45245245    0.07437883
    2.49249249    0.07415021
    2.53253253    0.07384721
    2.57257257    0.07347636
    2.61261261    0.07304185
    2.65265265    0.07254518
    2.69269269    0.07198606
    2.73273273    0.07136409
    2.77277277    0.07068042
    2.81281281    0.06993871
    2.85285285    0.06914515
    2.89289289    0.06830765
    2.93293293    0.06743470
    2.97297297    0.06653461
    3.01301301    0.06561512
    3.05305305    0.06468354
    3.09309309    0.06374702
    3.13313313    0.06281285
    3.17317317    0.06188847
    3.21321321    0.06098131
    3.25325325    0.06009842
    3.29329329    0.05924597
    3.33333333    0.05842870
    3.37337337    0.05764957
    3.41341341    0.05690953
    3.45345345    0.05620764
    3.49349349    0.05554161
    3.53353353    0.05490853
    3.57357357    0.05430583
    3.61361361    0.05373223
    3.65365365    0.05318834
    3.69369369    0.05267684
    3.73373373    0.05220214
    3.77377377    0.05176961
    3.81381381    0.05138465
    3.85385385    0.05105187
    3.89389389    0.05077446
    3.93393393    0.05055414
    3.97397397    0.05039135
    4.01401401    0.05028586
    4.05405405    0.05023738
    4.09409409    0.05024585
    4.13413413    0.05031150
    4.17417417    0.05043445
    4.21421421    0.05061401
    4.25425425    0.05084806
    4.29429429    0.05113251
    4.33433433    0.05146098
    4.37437437    0.05182464
    4.41441441    0.05221223
    4.45445445    0.05261015
    4.49449449    0.05300296
    4.53453453    0.05337419
    4.57457457    0.05370763
    4.61461461    0.05398902
    4.65465465    0.05420773
    4.69469469    0.05435815
    4.73473473    0.05444030
    4.77477477    0.05445935
    4.81481481    0.05442400
    4.85485485    0.05434416
    4.89489489    0.05422828
    4.93493493    0.05408130
    4.97497497    0.05390351
    5.01501502    0.05369062
    5.05505506    0.05343496
    5.09509510    0.05312759
    5.13513514    0.05276086
    5.17517518    0.05233120
    5.21521522    0.05184140
    5.25525526    0.05130206
    5.29529530    0.05073143
    5.33533534    0.05015387
    5.37537538    0.04959697
    5.41541542    0.04908828
    5.45545546    0.04865221
    5.49549550    0.04830783
    5.53553554    0.04806774
    5.57557558    0.04793798
    5.61561562    0.04791870
    5.65565566    0.04800534
    5.69569570    0.04818984
    5.73573574    0.04846163
    5.77577578    0.04880831
    5.81581582    0.04921603
    5.85585586    0.04966964
    5.89589590    0.05015303
    5.93593594    0.05064971
    5.97597598    0.05114375
    6.01601602    0.05162102
    6.05605606    0.05207037
    6.09609610    0.05248455
    6.13613614    0.05286059
    6.17617618    0.05319969
    6.21621622    0.05350651
    6.25625626    0.05378821
    6.29629630    0.05405326
    6.33633634    0.05431016
    6.37637638    0.05456622
    6.41641642    0.05482631
    6.45645646    0.05509156
    6.49649650    0.05535819
    6.53653654    0.05561668
    6.57657658    0.05585177
    6.61661662    0.05604369
    6.65665666    0.05617066
    6.69669670    0.05621238
    6.73673674    0.05615370
    6.77677678    0.05598749
    6.81681682    0.05571581
    6.85685686    0.05534921
    6.89689690    0.05490397
    6.93693694    0.05439846
    6.97697698    0.05384933
    7.01701702    0.05326872
    7.05705706    0.05266317
    7.09709710    0.05203444
    7.13713714    0.05138175
    7.17717718    0.05070479
    7.21721722    0.05000647
    7.25725726    0.04929441
    7.29729730    0.04858101
    7.33733734    0.04788204
    7.37737738    0.04721436
    7.41741742    0.04659350
    7.45745746    0.04603166
    7.49749750    0.04553650
    7.53753754    0.04511079
    7.57757758    0.04475279
    7.61761762    0.04445710
    7.65765766    0.04421554
    7.69769770    0.04401805
    7.73773774    0.04385326
    7.77777778    0.04370891
    7.81781782    0.04357216
    7.85785786    0.04343008
    7.89789790    0.04327034
    7.93793794    0.04308216
    7.97797798    0.04285743
    8.01801802    0.04259166
    8.05805806    0.04228476
    8.09809810    0.04194123
    8.13813814    0.04156992
    8.17817818    0.04118322
    8.21821822    0.04079595
    8.25825826    0.04042407
    8.29829830    0.04008347
    8.33833834    0.03978890
    8.37837838    0.03955323
    8.41841842    0.03938698
    8.45845846    0.03929813
    8.49849850    0.03929211
    8.53853854    0.03937190
    8.57857858    0.03953808
    8.61861862    0.03978903
    8.65865866    0.04012101
    8.69869870    0.04052835
    8.73873874    0.04100370
    8.77877878    0.04153842
    8.81881882    0.04212309
    8.85885886    0.04274803
    8.89889890    0.04340395
    8.93893894    0.04408239
    8.97897898    0.04477595
    9.01901902    0.04547831
    9.05905906    0.04618390
    9.09909910    0.04688741
    9.13913914    0.04758328
    9.17917918    0.04826528
    9.21921922    0.04892648
    9.25925926    0.04955947
    9.29929930    0.05015694
    9.33933934    0.05071244
    9.37937938    0.05122109
    9.41941942    0.05168001
    9.45945946    0.05208842
    9.49949950    0.05244724
    9.53953954    0.05275838
    9.57957958    0.05302376
    9.61961962    0.05324450
    9.65965966    0.05342031
    9.69969970    0.05354923
    9.73973974    0.05362774
    9.77977978    0.05365122
    9.81981982    0.05361450
    9.85985986    0.05351238
    9.89989990    0.05334018
    9.93993994    0.05309410
    9.97997998    0.05277166
   10.02002002    0.05237202
   10.06006006    0.05189632
   10.10010010    0.05134796
   10.14014014    0.05073267
   10.18018018    0.05005848
   10.22022022    0.04933538
   10.26026026    0.04857484
   10.30030030    0.04778925
   10.34034034    0.04699127
   10.38038038    0.04619323
   10.42042042    0.04540648
   10.46046046    0.04464103
   10.50050050    0.04390511
   10.54054054    0.04320505
   10.58058058    0.04254521
   10.62062062    0.04192811
   10.66066066    0.04135464
   10.70070070    0.04082426
   10.74074074    0.04033535
   10.78078078    0.03988542
   10.82082082    0.03947142
   10.86086086    0.03909002
   10.90090090    0.03873785
   10.94094094    0.03841177
   10.98098098    0.03810900
   11.02102102    0.03782724
   11.06106106    0.03756464
   11.10110110    0.03731965
   11.14114114    0.03709086
   11.18118118    0.03687674
   11.22122122    0.03667538
   11.26126126    0.03648433
   11.30130130    0.03630051
   11.34134134    0.03612014
   11.38138138    0.03593884
   11.42142142    0.03575180
   11.46146146    0.03555400
   11.50150150    0.03534050
   11.54154154    0.03510679
   11.58158158    0.03484906
   11.62162162    0.03456448
   11.66166166    0.03425143
   11.70170170    0.03390952
   11.74174174    0.03353958
   11.78178178    0.03314358
   11.82182182    0.03272439
   11.86186186    0.03228558
   11.90190190    0.03183121
   11.94194194    0.03136558
   11.98198198    0.03089307
   12.02202202    0.03041796
   12.06206206    0.02994434
   12.10210210    0.02947597
   12.14214214    0.02901623
   12.18218218    0.02856800
   12.22222222    0.02813364
   12.26226226    0.02771493
   12.30230230    0.02731308
   12.34234234    0.02692873
   12.38238238    0.02656198
   12.42242242    0.02621249
   12.46246246    0.02587944
   12.50250250    0.02556167
   12.54254254    0.02525761
   12.58258258    0.02496540
   12.62262262    0.02468288
   12.66266266    0.02440767
   12.70270270    0.02413721
   12.74274274    0.02386891
   12.78278278    0.02360024
   12.82282282    0.02332887
   12.86286286    0.02305281
   12.90290290    0.02277055
   12.94294294    0.02248122
   12.98298298    0.02218460
   13.02302302    0.02188124
   13.06306306    0.02157238
   13.10310310    0.02125988
   13.14314314    0.02094609
   13.18318318    0.02063367
   13.22322322    0.02032539
   13.26326326    0.02002400
   13.30330330    0.01973204
   13.34334334    0.01945173
   13.38338338    0.01918492
   13.42342342    0.01893294
   13.46346346    0.01869666
   13.50350350    0.01847635
   13.54354354    0.01827176
   13.58358358    0.01808202
   13.62362362    0.01790570
   13.66366366    0.01774081
   13.70370370    0.01758485
   13.74374374    0.01743491
   13.78378378    0.01728777
   13.82382382    0.01714009
   13.86386386    0.01698861
   13.90390390    0.01683035
   13.94394394    0.01666285
   13.98398398    0.01648436
   14.02402402    0.01629396
   14.06406406    0.01609159
   14.10410410    0.01587805
   14.14414414    0.01565478
   14.18418418    0.01542371
   14.22422422    0.01518699
   14.26426426    0.01494684
   14.30430430    0.01470536
   14.34434434    0.01446437
   14.38438438    0.01422547
   14.42442442    0.01398992
   14.46446446    0.01375877
   14.50450450    0.01353288
   14.54454454    0.01331295
   14.58458458    0.01309959
   14.62462462    0.01289331
   14.66466466    0.01269454
   14.70470470    0.01250354
   14.74474474    0.01232042
   14.78478478    0.01214507
   14.82482482    0.01197720
   14.86486486    0.01181636
   14.90490490    0.01166197
   14.94494494    0.01151345
   14.98498498    0.01137023
   15.02502503    0.01123184
   15.06506507    0.01109791
   15.10510511    0.01096819
   15.14514515    0.01084248
   15.18518519    0.01072063
   15.22522523    0.01060254
   15.26526527    0.01048811
   15.30530531    0.01037727
   15.34534535    0.01027002
   15.38538539    0.01016640
   15.42542543    0.01006659
   15.46546547    0.00997088
   15.50550551    0.00987968
   15.54554555    0.00979349
   15.58558559    0.00971285
   15.62562563    0.00963829
   15.66566567    0.00957021
   15.70570571    0.00950886
   15.74574575    0.00945429
   15.78578579    0.00940631
   15.82582583    0.00936454
   15.86586587    0.00932845
   15.90590591    0.00929744
   15.94594595    0.00927088
   15.98598599    0.00924820
   16.02602603    0.00922883
   16.06606607    0.00921227
   16.10610611    0.00919800
   16.14614615    0.00918547
   16.18618619    0.00917409
   16.22622623    0.00916320
   16.26626627    0.00915217
   16.30630631    0.00914038
   16.34634635    0.00912735
   16.38638639    0.00911271
   16.42642643    0.00909625
   16.46646647    0.00907792
   16.50650651    0.00905777
   16.54654655    0.00903595
   16.58658659    0.00901266
   16.62662663    0.00898821
   16.66666667    0.00896299
   16.70670671    0.00893753
   16.74674675    0.00891249
   16.78678679    0.00888876
   16.82682683    0.00886736
   16.86686687    0.00884950
   16.90690691    0.00883647
   16.94694695    0.00882963
   16.98698699    0.00883030
   17.02702703    0.00883973
   17.06706707    0.00885903
   17.10710711    0.00888915
   17.14714715    0.00893086
   17.18718719    0.00898473
   17.22722723    0.00905115
   17.26726727    0.00913037
   17.30730731    0.00922246
   17.34734735    0.00932738
   17.38738739    0.00944492
   17.42742743    0.00957477
   17.46746747    0.00971644
   17.50750751    0.00986934
   17.54754755    0.01003272
   17.58758759    0.01020570
   17.62762763    0.01038728
   17.66766767    0.01057638
   17.70770771    0.01077183
   17.74774775    0.01097243
   17.78778779    0.01117698
   17.82782783    0.01138429
   17.86786787    0.01159327
   17.90790791    0.01180290
   17.94794795    0.01201229
   17.98798799    0.01222072
   18.02802803    0.01242764
   18.06806807    0.01263275
   18.10810811    0.01283599
   18.14814815    0.01303754
   18.18818819    0.01323787
   18.22822823    0.01343762
   18.26826827    0.01363760
   18.30830831    0.01383872
   18.34834835    0.01404188
   18.38838839    0.01424790
   18.42842843    0.01445749
   18.46846847    0.01467111
   18.50850851    0.01488901
   18.54854855    0.01511115
   18.58858859    0.01533724
   18.62862863    0.01556675
   18.66866867    0.01579897
   18.70870871    0.01603304
   18.74874875    0.01626803
   18.78878879    0.01650301
   18.82882883    0.01673709
   18.86886887    0.01696946
   18.90890891    0.01719938
   18.94894895    0.01742618
   18.98898899    0.01764919
   19.02902903    0.01786770
   19.06906907    0.01808092
   19.10910911    0.01828791
   19.14914915    0.01848762
   19.18918919    0.01867884
   19.22922923    0.01886029
   19.26926927    0.01903064
   19.30930931    0.01918865
   19.34934935    0.01933319
   19.38938939    0.01946337
   19.42942943    0.01957860
   19.46946947    0.01967865
   19.50950951    0.01976375
   19.54954955    0.01983456
   19.58958959    0.01989226
   19.62962963    0.01993844
   19.66966967    0.01997505
   19.70970971    0.02000424
   19.74974975    0.02002823
   19.78978979    0.02004914
   19.82982983    0.02006889
   19.86986987    0.02008910
   19.90990991    0.02011110
   19.94994995    0.02013600
   19.98998999    0.02016473
   20.03003003    0.02019819
   20.07007007    0.02023738
   20.11011011    0.02028344
   20.15015015    0.02033775
   20.19019019    0.02040187
   20.23023023    0.02047758
   20.27027027    0.02056675
   20.31031031    0.02067134
   20.35035035    0.02079325
   20.39039039    0.02093434
   20.43043043    0.02109629
   20.47047047    0.02128060
   20.51051051    0.02148847
   20.55055055    0.02172077
   20.59059059    0.02197795
   20.63063063    0.02226001
   20.67067067    0.02256651
   20.71071071    0.02289654
   20.75075075    0.02324883
   20.79079079    0.02362184
   20.83083083    0.02401391
   20.87087087    0.02442342
   20.91091091    0.02484897
   20.95095095    0.02528951
   20.99099099    0.02574440
   21.03103103    0.02621351
   21.07107107    0.02669712
   21.11111111    0.02719585
   21.15115115    0.02771057
   21.19119119    0.02824224
   21.23123123    0.02879180
   21.27127127    0.02936002
   21.31131131    0.02994739
   21.35135135    0.03055398
   21.39139139    0.03117930
   21.43143143    0.03182227
   21.47147147    0.03248116
   21.51151151    0.03315361
   21.55155155    0.03383679
   21.59159159    0.03452756
   21.63163163    0.03522273
   21.67167167    0.03591939
   21.71171171    0.03661512
   21.75175175    0.03730827
   21.79179179    0.03799803
   21.83183183    0.03868444
   21.87187187    0.03936827
   21.91191191    0.04005080
   21.95195195    0.04073347
   21.99199199    0.04141764
   22.03203203    0.04210432
   22.07207207    0.04279404
   22.11211211    0.04348677
   22.15215215    0.04418203
   22.19219219    0.04487907
   22.23223223    0.04557705
   22.27227227    0.04627527
   22.31231231    0.04697334
   22.35235235    0.04767125
   22.39239239    0.04836943
   22.43243243    0.04906863
   22.47247247    0.04976985
   22.51251251    0.05047418
   22.55255255    0.05118258
   22.59259259    0.05189572
   22.63263263    0.05261369
   22.67267267    0.05333575
   22.71271271    0.05406012
   22.75275275    0.05478376
   22.79279279    0.05550225
   22.83283283    0.05620976
   22.87287287    0.05689915
   22.91291291    0.05756215
   22.95295295    0.05818961
   22.99299299    0.05877184
   23.03303303    0.05929900
   23.07307307    0.05976144
   23.11311311    0.06015014
   23.15315315    0.06045707
   23.19319319    0.06067554
   23.23323323    0.06080059
   23.27327327    0.06082919
   23.31331331    0.06076057
   23.35335335    0.06059628
   23.39339339    0.06034032
   23.43343343    0.05999901
   23.47347347    0.05958073
   23.51351351    0.05909552
   23.55355355    0.05855448
   23.59359359    0.05796912
   23.63363363    0.05735071
   23.67367367    0.05670969
   23.71371371    0.05605521
   23.75375375    0.05539485
   23.79379379    0.05473446
   23.83383383    0.05407822
   23.87387387    0.05342876
   23.91391391    0.05278738
   23.95395395    0.05215437
   23.99399399    0.05152924
   24.03403403    0.05091102
   24.07407407    0.05029848
   24.11411411    0.04969025
   24.15415415    0.04908501
   24.19419419    0.04848150
   24.23423423    0.04787861
   24.27427427    0.04727538
   24.31431431    0.04667101
   24.35435435    0.04606497
   24.39439439    0.04545694
   24.43443443    0.04484689
   24.47447447    0.04423505
   24.51451451    0.04362188
   24.55455455    0.04300795
   24.59459459    0.04239384
   24.63463463    0.04177998
   24.67467467    0.04116648
   24.71471471    0.04055311
   24.75475475    0.03993923
   24.79479479    0.03932393
   24.83483483    0.03870615
   24.87487487    0.03808490
   24.91491491    0.03745947
   24.95495495    0.03682965
   24.99499499    0.03619584
   25.03503504    0.03555915
   25.07507508    0.03492135
   25.11511512    0.03428478
   25.15515516    0.03365231
   25.19519520    0.03302707
   25.23523524    0.03241240
   25.27527528    0.03181160
   25.31531532    0.03122785
   25.35535536    0.03066404
   25.39539540    0.03012267
   25.43543544    0.02960583
   25.47547548    0.02911509
   25.51551552    0.02865157
   25.55555556    0.02821592
   25.59559560    0.02780834
   25.63563564    0.02742860
   25.67567568    0.02707606
   25.71571572    0.02674963
   25.75575576    0.02644772
   25.79579580    0.02616814
   25.83583584    0.02590806
   25.87587588    0.02566389
   25.91591592    0.02543130
   25.95595596    0.02520528
   25.99599600    0.02498032
   26.03603604    0.02475077
   26.07607608    0.02451123
   26.11611612    0.02425706
   26.15615616    0.02398484
   26.19619620    0.02369268
   26.23623624    0.02338044
   26.27627628    0.02304962
   26.31631632    0.02270306
   26.35635636    0.02234455
   26.39639640    0.02197824
   26.43643644    0.02160818
   26.47647648    0.02123793
   26.51651652    0.02087030
   26.55655656    0.02050726
   26.59659660    0.02015000
   26.63663664    0.01979904
   26.67667668    0.01945449
   26.71671672    0.01911616
   26.75675676    0.01878383
   26.79679680    0.01845730
   26.83683684    0.01813649
   26.87687688    0.01782146
   26.91691692    0.01751240
   26.95695696    0.01720958
   26.99699700    0.01691330
   27.03703704    0.01662386
   27.07707708    0.01634150
   27.11711712    0.01606637
   27.15715716    0.01579852
   27.19719720    0.01553786
   27.23723724    0.01528423
   27.27727728    0.01503742
   27.31731732    0.01479720
   27.35735736    0.01456338
   27.39739740    0.01433588
   27.43743744    0.01411476
   27.47747748    0.01390020
   27.51751752    0.01369258
   27.55755756    0.01349235
   27.59759760    0.01330011
   27.63763764    0.01311647
   27.67767768    0.01294205
   27.71771772    0.01277744
   27.75775776    0.01262313
   27.79779780    0.01247949
   27.83783784    0.01234672
   27.87787788    0.01222488
   27.91791792    0.01211382
   27.95795796    0.01201324
   27.99799800    0.01192265
   28.03803804    0.01184143
   28.07807808    0.01176887
   28.11811812    0.01170417
   28.15815816    0.01164650
   28.19819820    0.01159508
   28.23823824    0.01154917
   28.27827828    0.01150813
   28.31831832    0.01147145
   28.35835836    0.01143875
   28.39839840    0.01140980
   28.43843844    0.01138448
   28.47847848    0.01136276
   28.51851852    0.01134470
   28.55855856    0.01133037
   28.59859860    0.01131989
   28.63863864    0.01131338
   28.67867868    0.01131101
   28.71871872    0.01131301
   28.75875876    0.01131965
   28.79879880    0.01133136
   28.83883884    0.01134867
   28.87887888    0.01137225
   28.91891892    0.01140291
   28.95895896    0.01144157
   28.99899900    0.01148929
   29.03903904    0.01154716
   29.07907908    0.01161636
   29.11911912    0.01169807
   29.15915916    0.01179346
   29.19919920    0.01190372
   29.23923924    0.01202997
   29.27927928    0.01217331
   29.31931932    0.01233480
   29.35935936    0.01251545
   29.39939940    0.01271624
   29.43943944    0.01293810
   29.47947948    0.01318189
   29.51951952    0.01344844
   29.55955956    0.01373850
   29.59959960    0.01405274
   29.63963964    0.01439173
   29.67967968    0.01475591
   29.71971972    0.01514559
   29.75975976    0.01556091
   29.79979980    0.01600180
   29.83983984    0.01646797
   29.87987988    0.01695887
   29.91991992    0.01747371
   29.95995996    0.01801138
   30.00000000    0.01857051
