# Final state angular momentum:   1
# Broadening parameter (in eV):    0.500
# Absorbing atom type (xiabs):   1
# Energy (eV)   sigma
  -10.00000000    0.00059684
   -9.95995996    0.00060001
   -9.91991992    0.00060320
   -9.87987988    0.00060642
   -9.83983984    0.00060967
   -9.79979980    0.00061295
   -9.75975976    0.00061626
   -9.71971972    0.00061959
   -9.67967968    0.00062296
   -9.63963964    0.00062636
   -9.59959960    0.00062978
   -9.55955956    0.00063324
   -9.51951952    0.00063673
   -9.47947948    0.00064025
   -9.43943944    0.00064381
   -9.39939940    0.00064739
   -9.35935936    0.00065101
   -9.31931932    0.00065467
   -9.27927928    0.00065835
   -9.23923924    0.00066208
   -9.19919920    0.00066583
   -9.15915916    0.00066962
   -9.11911912    0.00067345
   -9.07907908    0.00067731
   -9.03903904    0.00068122
   -8.99899900    0.00068515
   -8.95895896    0.00068913
   -8.91891892    0.00069314
   -8.87887888    0.00069720
   -8.83883884    0.00070129
   -8.79879880    0.00070542
   -8.75875876    0.00070960
   -8.71871872    0.00071381
   -8.67867868    0.00071807
   -8.63863864    0.00072237
   -8.59859860    0.00072671
   -8.55855856    0.00073109
   -8.51851852    0.00073552
   -8.47847848    0.00074000
   -8.43843844    0.00074452
   -8.39839840    0.00074908
   -8.35835836    0.00075370
   -8.31831832    0.00075836
   -8.27827828    0.00076307
   -8.23823824    0.00076783
   -8.19819820    0.00077264
   -8.15815816    0.00077750
   -8.11811812    0.00078241
   -8.07807808    0.00078737
   -8.03803804    0.00079239
   -7.99799800    0.00079746
   -7.95795796    0.00080258
   -7.91791792    0.00080776
   -7.87787788    0.00081300
   -7.83783784    0.00081829
   -7.79779780    0.00082364
   -7.75775776    0.00082906
   -7.71771772    0.00083453
   -7.67767768    0.00084006
   -7.63763764    0.00084566
   -7.59759760    0.00085132
   -7.55755756    0.00085704
   -7.51751752    0.00086283
   -7.47747748    0.00086868
   -7.43743744    0.00087460
   -7.39739740    0.00088059
   -7.35735736    0.00088666
   -7.31731732    0.00089279
   -7.27727728    0.00089899
   -7.23723724    0.00090527
   -7.19719720    0.00091162
   -7.15715716    0.00091805
   -7.11711712    0.00092456
   -7.07707708    0.00093114
   -7.03703704    0.00093781
   -6.99699700    0.00094456
   -6.95695696    0.00095139
   -6.91691692    0.00095830
   -6.87687688    0.00096530
   -6.83683684    0.00097239
   -6.79679680    0.00097957
   -6.75675676    0.00098684
   -6.71671672    0.00099421
   -6.67667668    0.00100166
   -6.63663664    0.00100922
   -6.59659660    0.00101687
   -6.55655656    0.00102462
   -6.51651652    0.00103248
   -6.47647648    0.00104044
   -6.43643644    0.00104850
   -6.39639640    0.00105668
   -6.35635636    0.00106496
   -6.31631632    0.00107336
   -6.27627628    0.00108187
   -6.23623624    0.00109050
   -6.19619620    0.00109924
   -6.15615616    0.00110811
   -6.11611612    0.00111711
   -6.07607608    0.00112623
   -6.03603604    0.00113548
   -5.99599600    0.00114487
   -5.95595596    0.00115438
   -5.91591592    0.00116404
   -5.87587588    0.00117384
   -5.83583584    0.00118378
   -5.79579580    0.00119388
   -5.75575576    0.00120412
   -5.71571572    0.00121451
   -5.67567568    0.00122506
   -5.63563564    0.00123578
   -5.59559560    0.00124666
   -5.55555556    0.00125770
   -5.51551552    0.00126892
   -5.47547548    0.00128032
   -5.43543544    0.00129189
   -5.39539540    0.00130365
   -5.35535536    0.00131560
   -5.31531532    0.00132775
   -5.27527528    0.00134009
   -5.23523524    0.00135263
   -5.19519520    0.00136538
   -5.15515516    0.00137835
   -5.11511512    0.00139153
   -5.07507508    0.00140494
   -5.03503504    0.00141857
   -4.99499499    0.00143245
   -4.95495495    0.00144656
   -4.91491491    0.00146092
   -4.87487487    0.00147553
   -4.83483483    0.00149041
   -4.79479479    0.00150555
   -4.75475475    0.00152097
   -4.71471471    0.00153666
   -4.67467467    0.00155265
   -4.63463463    0.00156894
   -4.59459459    0.00158553
   -4.55455455    0.00160244
   -4.51451451    0.00161967
   -4.47447447    0.00163723
   -4.43443443    0.00165513
   -4.39439439    0.00167339
   -4.35435435    0.00169201
   -4.31431431    0.00171100
   -4.27427427    0.00173037
   -4.23423423    0.00175014
   -4.19419419    0.00177032
   -4.15415415    0.00179092
   -4.11411411    0.00181195
   -4.07407407    0.00183342
   -4.03403403    0.00185536
   -3.99399399    0.00187777
   -3.95395395    0.00190067
   -3.91391391    0.00192408
   -3.87387387    0.00194800
   -3.83383383    0.00197247
   -3.79379379    0.00199750
   -3.75375375    0.00202310
   -3.71371371    0.00204930
   -3.67367367    0.00207612
   -3.63363363    0.00210357
   -3.59359359    0.00213169
   -3.55355355    0.00216049
   -3.51351351    0.00219000
   -3.47347347    0.00222024
   -3.43343343    0.00225124
   -3.39339339    0.00228304
   -3.35335335    0.00231565
   -3.31331331    0.00234911
   -3.27327327    0.00238346
   -3.23323323    0.00241873
   -3.19319319    0.00245494
   -3.15315315    0.00249215
   -3.11311311    0.00253040
   -3.07307307    0.00256971
   -3.03303303    0.00261014
   -2.99299299    0.00265174
   -2.95295295    0.00269455
   -2.91291291    0.00273863
   -2.87287287    0.00278402
   -2.83283283    0.00283080
   -2.79279279    0.00287901
   -2.75275275    0.00292873
   -2.71271271    0.00298002
   -2.67267267    0.00303295
   -2.63263263    0.00308761
   -2.59259259    0.00314407
   -2.55255255    0.00320242
   -2.51251251    0.00326276
   -2.47247247    0.00332517
   -2.43243243    0.00338977
   -2.39239239    0.00345667
   -2.35235235    0.00352598
   -2.31231231    0.00359783
   -2.27227227    0.00367236
   -2.23223223    0.00374971
   -2.19219219    0.00383003
   -2.15215215    0.00391349
   -2.11211211    0.00400026
   -2.07207207    0.00409054
   -2.03203203    0.00418453
   -1.99199199    0.00428245
   -1.95195195    0.00438453
   -1.91191191    0.00449103
   -1.87187187    0.00460221
   -1.83183183    0.00471839
   -1.79179179    0.00483987
   -1.75175175    0.00496699
   -1.71171171    0.00510015
   -1.67167167    0.00523973
   -1.63163163    0.00538618
   -1.59159159    0.00553999
   -1.55155155    0.00570167
   -1.51151151    0.00587178
   -1.47147147    0.00605096
   -1.43143143    0.00623988
   -1.39139139    0.00643928
   -1.35135135    0.00664999
   -1.31131131    0.00687288
   -1.27127127    0.00710895
   -1.23123123    0.00735928
   -1.19119119    0.00762507
   -1.15115115    0.00790762
   -1.11111111    0.00820840
   -1.07107107    0.00852903
   -1.03103103    0.00887128
   -0.99099099    0.00923716
   -0.95095095    0.00962885
   -0.91091091    0.01004882
   -0.87087087    0.01049980
   -0.83083083    0.01098484
   -0.79079079    0.01150731
   -0.75075075    0.01207100
   -0.71071071    0.01268011
   -0.67067067    0.01333930
   -0.63063063    0.01405377
   -0.59059059    0.01482922
   -0.55055055    0.01567197
   -0.51051051    0.01658891
   -0.47047047    0.01758749
   -0.43043043    0.01867574
   -0.39039039    0.01986210
   -0.35035035    0.02115531
   -0.31031031    0.02256418
   -0.27027027    0.02409724
   -0.23023023    0.02576236
   -0.19019019    0.02756623
   -0.15015015    0.02951379
   -0.11011011    0.03160762
   -0.07007007    0.03380806
   -0.03003003    0.03617338
    0.01001001    0.03869661
    0.05005005    0.04135040
    0.09009009    0.04410737
    0.13013013    0.04691904
    0.17017017    0.04975756
    0.21021021    0.05257911
    0.25025025    0.05532115
    0.29029029    0.05790852
    0.33033033    0.06025554
    0.37037037    0.06227050
    0.41041041    0.06386306
    0.45045045    0.06495373
    0.49049049    0.06548439
    0.53053053    0.06542739
    0.57057057    0.06479121
    0.61061061    0.06362082
    0.65065065    0.06199262
    0.69069069    0.06000482
    0.73073073    0.05776578
    0.77077077    0.05538249
    0.81081081    0.05295142
    0.85085085    0.05055256
    0.89089089    0.04824678
    0.93093093    0.04607596
    0.97097097    0.04406494
    1.01101101    0.04222452
    1.05105105    0.04055489
    1.09109109    0.03904898
    1.13113113    0.03769560
    1.17117117    0.03648197
    1.21121121    0.03539556
    1.25125125    0.03442528
    1.29129129    0.03356193
    1.33133133    0.03279815
    1.37137137    0.03212813
    1.41141141    0.03154710
    1.45145145    0.03105091
    1.49149149    0.03063563
    1.53153153    0.03029729
    1.57157157    0.03003158
    1.61161161    0.02983374
    1.65165165    0.02969837
    1.69169169    0.02961951
    1.73173173    0.02959070
    1.77177177    0.02960526
    1.81181181    0.02965663
    1.85185185    0.02973867
    1.89189189    0.02984593
    1.93193193    0.02997366
    1.97197197    0.03011763
    2.01201201    0.03027390
    2.05205205    0.03043844
    2.09209209    0.03060687
    2.13213213    0.03077433
    2.17217217    0.03093546
    2.21221221    0.03108458
    2.25225225    0.03121600
    2.29229229    0.03132449
    2.33233233    0.03140583
    2.37237237    0.03145729
    2.41241241    0.03147786
    2.45245245    0.03146811
    2.49249249    0.03142971
    2.53253253    0.03136467
    2.57257257    0.03127464
    2.61261261    0.03116045
    2.65265265    0.03102212
    2.69269269    0.03085920
    2.73273273    0.03067149
    2.77277277    0.03045953
    2.81281281    0.03022501
    2.85285285    0.02997063
    2.89289289    0.02969977
    2.93293293    0.02941608
    2.97297297    0.02912314
    3.01301301    0.02882433
    3.05305305    0.02852287
    3.09309309    0.02822194
    3.13313313    0.02792471
    3.17317317    0.02763439
    3.21321321    0.02735408
    3.25325325    0.02708667
    3.29329329    0.02683457
    3.33333333    0.02659955
    3.37337337    0.02638262
    3.41341341    0.02618398
    3.45345345    0.02600314
    3.49349349    0.02583917
    3.53353353    0.02569103
    3.57357357    0.02555789
    3.61361361    0.02543948
    3.65365365    0.02533622
    3.69369369    0.02524924
    3.73373373    0.02518020
    3.77377377    0.02513103
    3.81381381    0.02510364
    3.85385385    0.02509970
    3.89389389    0.02512050
    3.93393393    0.02516704
    3.97397397    0.02524012
    4.01401401    0.02534058
    4.05405405    0.02546947
    4.09409409    0.02562804
    4.13413413    0.02581760
    4.17417417    0.02603928
    4.21421421    0.02629363
    4.25425425    0.02658035
    4.29429429    0.02689804
    4.33433433    0.02724420
    4.37437437    0.02761521
    4.41441441    0.02800656
    4.45445445    0.02841295
    4.49449449    0.02882870
    4.53453453    0.02924800
    4.57457457    0.02966550
    4.61461461    0.03007681
    4.65465465    0.03047908
    4.69469469    0.03087144
    4.73473473    0.03125516
    4.77477477    0.03163348
    4.81481481    0.03201111
    4.85485485    0.03239335
    4.89489489    0.03278527
    4.93493493    0.03319090
    4.97497497    0.03361286
    5.01501502    0.03405237
    5.05505506    0.03450960
    5.09509510    0.03498440
    5.13513514    0.03547728
    5.17517518    0.03599038
    5.21521522    0.03652832
    5.25525526    0.03709881
    5.29529530    0.03771267
    5.33533534    0.03838333
    5.37537538    0.03912594
    5.41541542    0.03995625
    5.45545546    0.04088946
    5.49549550    0.04193946
    5.53553554    0.04311820
    5.57557558    0.04443545
    5.61561562    0.04589875
    5.65565566    0.04751351
    5.69569570    0.04928298
    5.73573574    0.05120837
    5.77577578    0.05328866
    5.81581582    0.05552051
    5.85585586    0.05789794
    5.89589590    0.06041217
    5.93593594    0.06305149
    5.97597598    0.06580130
    6.01601602    0.06864443
    6.05605606    0.07156158
    6.09609610    0.07453189
    6.13613614    0.07753352
    6.17617618    0.08054397
    6.21621622    0.08354028
    6.25625626    0.08649892
    6.29629630    0.08939587
    6.33633634    0.09220674
    6.37637638    0.09490749
    6.41641642    0.09747545
    6.45645646    0.09989057
    6.49649650    0.10213648
    6.53653654    0.10420116
    6.57657658    0.10607693
    6.61661662    0.10775994
    6.65665666    0.10924931
    6.69669670    0.11054617
    6.73673674    0.11165263
    6.77677678    0.11257089
    6.81681682    0.11330247
    6.85685686    0.11384774
    6.89689690    0.11420577
    6.93693694    0.11437482
    6.97697698    0.11435322
    7.01701702    0.11414085
    7.05705706    0.11374072
    7.09709710    0.11316054
    7.13713714    0.11241381
    7.17717718    0.11152020
    7.21721722    0.11050509
    7.25725726    0.10939812
    7.29729730    0.10823114
    7.33733734    0.10703574
    7.37737738    0.10584090
    7.41741742    0.10467091
    7.45745746    0.10354399
    7.49749750    0.10247158
    7.53753754    0.10145822
    7.57757758    0.10050197
    7.61761762    0.09959513
    7.65765766    0.09872528
    7.69769770    0.09787634
    7.73773774    0.09702979
    7.77777778    0.09616593
    7.81781782    0.09526510
    7.85785786    0.09430882
    7.89789790    0.09328082
    7.93793794    0.09216803
    7.97797798    0.09096155
    8.01801802    0.08965761
    8.05805806    0.08825850
    8.09809810    0.08677311
    8.13813814    0.08521705
    8.17817818    0.08361197
    8.21821822    0.08198425
    8.25825826    0.08036300
    8.29829830    0.07877791
    8.33833834    0.07725703
    8.37837838    0.07582496
    8.41841842    0.07450144
    8.45845846    0.07330047
    8.49849850    0.07222994
    8.53853854    0.07129152
    8.57857858    0.07048094
    8.61861862    0.06978839
    8.65865866    0.06919917
    8.69869870    0.06869465
    8.73873874    0.06825338
    8.77877878    0.06785255
    8.81881882    0.06746981
    8.85885886    0.06708504
    8.89889890    0.06668227
    8.93893894    0.06625112
    8.97897898    0.06578777
    9.01901902    0.06529504
    9.05905906    0.06478172
    9.09909910    0.06426116
    9.13913914    0.06374937
    9.17917918    0.06326304
    9.21921922    0.06281770
    9.25925926    0.06242612
    9.29929930    0.06209741
    9.33933934    0.06183640
    9.37937938    0.06164366
    9.41941942    0.06151585
    9.45945946    0.06144655
    9.49949950    0.06142718
    9.53953954    0.06144825
    9.57957958    0.06150047
    9.61961962    0.06157584
    9.65965966    0.06166834
    9.69969970    0.06177434
    9.73973974    0.06189251
    9.77977978    0.06202348
    9.81981982    0.06216919
    9.85985986    0.06233230
    9.89989990    0.06251554
    9.93993994    0.06272137
    9.97997998    0.06295169
   10.02002002    0.06320770
   10.06006006    0.06348992
   10.10010010    0.06379814
   10.14014014    0.06413139
   10.18018018    0.06448796
   10.22022022    0.06486543
   10.26026026    0.06526083
   10.30030030    0.06567085
   10.34034034    0.06609216
   10.38038038    0.06652178
   10.42042042    0.06695734
   10.46046046    0.06739730
   10.50050050    0.06784106
   10.54054054    0.06828887
   10.58058058    0.06874161
   10.62062062    0.06920052
   10.66066066    0.06966682
   10.70070070    0.07014134
   10.74074074    0.07062418
   10.78078078    0.07111446
   10.82082082    0.07161012
   10.86086086    0.07210782
   10.90090090    0.07260306
   10.94094094    0.07309034
   10.98098098    0.07356351
   11.02102102    0.07401614
   11.06106106    0.07444194
   11.10110110    0.07483509
   11.14114114    0.07519041
   11.18118118    0.07550346
   11.22122122    0.07577038
   11.26126126    0.07598773
   11.30130130    0.07615212
   11.34134134    0.07625988
   11.38138138    0.07630679
   11.42142142    0.07628778
   11.46146146    0.07619689
   11.50150150    0.07602734
   11.54154154    0.07577190
   11.58158158    0.07542352
   11.62162162    0.07497618
   11.66166166    0.07442591
   11.70170170    0.07377186
   11.74174174    0.07301714
   11.78178178    0.07216931
   11.82182182    0.07124039
   11.86186186    0.07024634
   11.90190190    0.06920605
   11.94194194    0.06813992
   11.98198198    0.06706846
   12.02202202    0.06601082
   12.06206206    0.06498370
   12.10210210    0.06400060
   12.14214214    0.06307137
   12.18218218    0.06220221
   12.22222222    0.06139575
   12.26226226    0.06065150
   12.30230230    0.05996624
   12.34234234    0.05933461
   12.38238238    0.05874965
   12.42242242    0.05820341
   12.46246246    0.05768750
   12.50250250    0.05719365
   12.54254254    0.05671405
   12.58258258    0.05624177
   12.62262262    0.05577088
   12.66266266    0.05529656
   12.70270270    0.05481517
   12.74274274    0.05432417
   12.78278278    0.05382213
   12.82282282    0.05330861
   12.86286286    0.05278412
   12.90290290    0.05224990
   12.94294294    0.05170785
   12.98298298    0.05116030
   13.02302302    0.05060992
   13.06306306    0.05005954
   13.10310310    0.04951214
   13.14314314    0.04897075
   13.18318318    0.04843834
   13.22322322    0.04791777
   13.26326326    0.04741165
   13.30330330    0.04692222
   13.34334334    0.04645124
   13.38338338    0.04599986
   13.42342342    0.04556862
   13.46346346    0.04515736
   13.50350350    0.04476536
   13.54354354    0.04439139
   13.58358358    0.04403391
   13.62362362    0.04369123
   13.66366366    0.04336171
   13.70370370    0.04304397
   13.74374374    0.04273702
   13.78378378    0.04244046
   13.82382382    0.04215451
   13.86386386    0.04188013
   13.90390390    0.04161898
   13.94394394    0.04137331
   13.98398398    0.04114587
   14.02402402    0.04093968
   14.06406406    0.04075774
   14.10410410    0.04060281
   14.14414414    0.04047711
   14.18418418    0.04038216
   14.22422422    0.04031859
   14.26426426    0.04028606
   14.30430430    0.04028318
   14.34434434    0.04030759
   14.38438438    0.04035595
   14.42442442    0.04042412
   14.46446446    0.04050730
   14.50450450    0.04060027
   14.54454454    0.04069769
   14.58458458    0.04079445
   14.62462462    0.04088604
   14.66466466    0.04096884
   14.70470470    0.04104041
   14.74474474    0.04109958
   14.78478478    0.04114645
   14.82482482    0.04118224
   14.86486486    0.04120906
   14.90490490    0.04122962
   14.94494494    0.04124696
   14.98498498    0.04126420
   15.02502503    0.04128428
   15.06506507    0.04130982
   15.10510511    0.04134294
   15.14514515    0.04138507
   15.18518519    0.04143685
   15.22522523    0.04149801
   15.26526527    0.04156732
   15.30530531    0.04164266
   15.34534535    0.04172113
   15.38538539    0.04179927
   15.42542543    0.04187335
   15.46546547    0.04193964
   15.50550551    0.04199462
   15.54554555    0.04203522
   15.58558559    0.04205881
   15.62562563    0.04206325
   15.66566567    0.04204676
   15.70570571    0.04200782
   15.74574575    0.04194498
   15.78578579    0.04185680
   15.82582583    0.04174179
   15.86586587    0.04159839
   15.90590591    0.04142508
   15.94594595    0.04122053
   15.98598599    0.04098374
   16.02602603    0.04071423
   16.06606607    0.04041217
   16.10610611    0.04007846
   16.14614615    0.03971477
   16.18618619    0.03932344
   16.22622623    0.03890742
   16.26626627    0.03847015
   16.30630631    0.03801539
   16.34634635    0.03754710
   16.38638639    0.03706934
   16.42642643    0.03658616
   16.46646647    0.03610158
   16.50650651    0.03561958
   16.54654655    0.03514410
   16.58658659    0.03467913
   16.62662663    0.03422863
   16.66666667    0.03379659
   16.70670671    0.03338689
   16.74674675    0.03300324
   16.78678679    0.03264901
   16.82682683    0.03232717
   16.86686687    0.03204014
   16.90690691    0.03178982
   16.94694695    0.03157753
   16.98698699    0.03140411
   17.02702703    0.03126999
   17.06706707    0.03117524
   17.10710711    0.03111965
   17.14714715    0.03110282
   17.18718719    0.03112409
   17.22722723    0.03118253
   17.26726727    0.03127692
   17.30730731    0.03140562
   17.34734735    0.03156650
   17.38738739    0.03175691
   17.42742743    0.03197359
   17.46746747    0.03221274
   17.50750751    0.03246999
   17.54754755    0.03274047
   17.58758759    0.03301894
   17.62762763    0.03329981
   17.66766767    0.03357734
   17.70770771    0.03384581
   17.74774775    0.03409970
   17.78778779    0.03433397
   17.82782783    0.03454428
   17.86786787    0.03472730
   17.90790791    0.03488082
   17.94794795    0.03500390
   17.98798799    0.03509682
   18.02802803    0.03516099
   18.06806807    0.03519866
   18.10810811    0.03521268
   18.14814815    0.03520616
   18.18818819    0.03518216
   18.22822823    0.03514343
   18.26826827    0.03509227
   18.30830831    0.03503036
   18.34834835    0.03495877
   18.38838839    0.03487802
   18.42842843    0.03478807
   18.46846847    0.03468857
   18.50850851    0.03457889
   18.54854855    0.03445838
   18.58858859    0.03432645
   18.62862863    0.03418276
   18.66866867    0.03402729
   18.70870871    0.03386041
   18.74874875    0.03368286
   18.78878879    0.03349576
   18.82882883    0.03330049
   18.86886887    0.03309865
   18.90890891    0.03289195
   18.94894895    0.03268215
   18.98898899    0.03247105
   19.02902903    0.03226045
   19.06906907    0.03205215
   19.10910911    0.03184799
   19.14914915    0.03164984
   19.18918919    0.03145965
   19.22922923    0.03127940
   19.26926927    0.03111115
   19.30930931    0.03095701
   19.34934935    0.03081906
   19.38938939    0.03069935
   19.42942943    0.03059979
   19.46946947    0.03052207
   19.50950951    0.03046759
   19.54954955    0.03043736
   19.58958959    0.03043197
   19.62962963    0.03045152
   19.66966967    0.03049566
   19.70970971    0.03056360
   19.74974975    0.03065423
   19.78978979    0.03076618
   19.82982983    0.03089802
   19.86986987    0.03104832
   19.90990991    0.03121584
   19.94994995    0.03139961
   19.98998999    0.03159899
   20.03003003    0.03181372
   20.07007007    0.03204382
   20.11011011    0.03228959
   20.15015015    0.03255145
   20.19019019    0.03282979
   20.23023023    0.03312490
   20.27027027    0.03343678
   20.31031031    0.03376508
   20.35035035    0.03410904
   20.39039039    0.03446743
   20.43043043    0.03483859
   20.47047047    0.03522043
   20.51051051    0.03561049
   20.55055055    0.03600600
   20.59059059    0.03640393
   20.63063063    0.03680107
   20.67067067    0.03719402
   20.71071071    0.03757924
   20.75075075    0.03795304
   20.79079079    0.03831166
   20.83083083    0.03865121
   20.87087087    0.03896790
   20.91091091    0.03925811
   20.95095095    0.03951868
   20.99099099    0.03974719
   21.03103103    0.03994228
   21.07107107    0.04010391
   21.11111111    0.04023351
   21.15115115    0.04033405
   21.19119119    0.04040986
   21.23123123    0.04046633
   21.27127127    0.04050946
   21.31131131    0.04054538
   21.35135135    0.04057977
   21.39139139    0.04061747
   21.43143143    0.04066207
   21.47147147    0.04071574
   21.51151151    0.04077909
   21.55155155    0.04085127
   21.59159159    0.04093013
   21.63163163    0.04101248
   21.67167167    0.04109443
   21.71171171    0.04117177
   21.75175175    0.04124036
   21.79179179    0.04129645
   21.83183183    0.04133701
   21.87187187    0.04135988
   21.91191191    0.04136395
   21.95195195    0.04134909
   21.99199199    0.04131608
   22.03203203    0.04126646
   22.07207207    0.04120231
   22.11211211    0.04112601
   22.15215215    0.04104012
   22.19219219    0.04094719
   22.23223223    0.04084969
   22.27227227    0.04075000
   22.31231231    0.04065036
   22.35235235    0.04055297
   22.39239239    0.04045992
   22.43243243    0.04037327
   22.47247247    0.04029497
   22.51251251    0.04022684
   22.55255255    0.04017047
   22.59259259    0.04012710
   22.63263263    0.04009755
   22.67267267    0.04008211
   22.71271271    0.04008041
   22.75275275    0.04009138
   22.79279279    0.04011317
   22.83283283    0.04014317
   22.87287287    0.04017799
   22.91291291    0.04021350
   22.95295295    0.04024498
   22.99299299    0.04026713
   23.03303303    0.04027429
   23.07307307    0.04026053
   23.11311311    0.04021981
   23.15315315    0.04014610
   23.19319319    0.04003359
   23.23323323    0.03987681
   23.27327327    0.03967090
   23.31331331    0.03941186
   23.35335335    0.03909687
   23.39339339    0.03872461
   23.43343343    0.03829556
   23.47347347    0.03781214
   23.51351351    0.03727875
   23.55355355    0.03670158
   23.59359359    0.03608832
   23.63363363    0.03544762
   23.67367367    0.03478860
   23.71371371    0.03412037
   23.75375375    0.03345148
   23.79379379    0.03278972
   23.83383383    0.03214178
   23.87387387    0.03151324
   23.91391391    0.03090851
   23.95395395    0.03033092
   23.99399399    0.02978282
   24.03403403    0.02926572
   24.07407407    0.02878043
   24.11411411    0.02832716
   24.15415415    0.02790566
   24.19419419    0.02751528
   24.23423423    0.02715503
   24.27427427    0.02682359
   24.31431431    0.02651942
   24.35435435    0.02624068
   24.39439439    0.02598532
   24.43443443    0.02575108
   24.47447447    0.02553550
   24.51451451    0.02533595
   24.55455455    0.02514971
   24.59459459    0.02497396
   24.63463463    0.02480590
   24.67467467    0.02464282
   24.71471471    0.02448217
   24.75475475    0.02432171
   24.79479479    0.02415957
   24.83483483    0.02399438
   24.87487487    0.02382527
   24.91491491    0.02365193
   24.95495495    0.02347455
   24.99499499    0.02329380
   25.03503504    0.02311069
   25.07507508    0.02292648
   25.11511512    0.02274260
   25.15515516    0.02256045
   25.19519520    0.02238134
   25.23523524    0.02220641
   25.27527528    0.02203648
   25.31531532    0.02187205
   25.35535536    0.02171317
   25.39539540    0.02155948
   25.43543544    0.02141016
   25.47547548    0.02126392
   25.51551552    0.02111907
   25.55555556    0.02097354
   25.59559560    0.02082495
   25.63563564    0.02067074
   25.67567568    0.02050821
   25.71571572    0.02033472
   25.75575576    0.02014776
   25.79579580    0.01994510
   25.83583584    0.01972494
   25.87587588    0.01948604
   25.91591592    0.01922781
   25.95595596    0.01895043
   25.99599600    0.01865480
   26.03603604    0.01834257
   26.07607608    0.01801591
   26.11611612    0.01767743
   26.15615616    0.01732992
   26.19619620    0.01697613
   26.23623624    0.01661869
   26.27627628    0.01625994
   26.31631632    0.01590193
   26.35635636    0.01554643
   26.39639640    0.01519495
   26.43643644    0.01484879
   26.47647648    0.01450905
   26.51651652    0.01417669
   26.55655656    0.01385251
   26.59659660    0.01353717
   26.63663664    0.01323119
   26.67667668    0.01293496
   26.71671672    0.01264876
   26.75675676    0.01237276
   26.79679680    0.01210707
   26.83683684    0.01185172
   26.87687688    0.01160673
   26.91691692    0.01137206
   26.95695696    0.01114768
   26.99699700    0.01093352
   27.03703704    0.01072949
   27.07707708    0.01053550
   27.11711712    0.01035143
   27.15715716    0.01017716
   27.19719720    0.01001252
   27.23723724    0.00985735
   27.27727728    0.00971148
   27.31731732    0.00957469
   27.35735736    0.00944676
   27.39739740    0.00932748
   27.43743744    0.00921659
   27.47747748    0.00911386
   27.51751752    0.00901902
   27.55755756    0.00893182
   27.59759760    0.00885200
   27.63763764    0.00877930
   27.67767768    0.00871348
   27.71771772    0.00865429
   27.75775776    0.00860150
   27.79779780    0.00855488
   27.83783784    0.00851422
   27.87787788    0.00847930
   27.91791792    0.00844992
   27.95795796    0.00842586
   27.99799800    0.00840691
   28.03803804    0.00839283
   28.07807808    0.00838336
   28.11811812    0.00837821
   28.15815816    0.00837709
   28.19819820    0.00837965
   28.23823824    0.00838551
   28.27827828    0.00839428
   28.31831832    0.00840553
   28.35835836    0.00841882
   28.39839840    0.00843366
   28.43843844    0.00844958
   28.47847848    0.00846611
   28.51851852    0.00848277
   28.55855856    0.00849908
   28.59859860    0.00851459
   28.63863864    0.00852887
   28.67867868    0.00854156
   28.71871872    0.00855233
   28.75875876    0.00856096
   28.79879880    0.00856734
   28.83883884    0.00857147
   28.87887888    0.00857349
   28.91891892    0.00857369
   28.95895896    0.00857247
   28.99899900    0.00857039
   29.03903904    0.00856809
   29.07907908    0.00856635
   29.11911912    0.00856600
   29.15915916    0.00856793
   29.19919920    0.00857307
   29.23923924    0.00858235
   29.27927928    0.00859671
   29.31931932    0.00861706
   29.35935936    0.00864426
   29.39939940    0.00867914
   29.43943944    0.00872245
   29.47947948    0.00877491
   29.51951952    0.00883714
   29.55955956    0.00890969
   29.59959960    0.00899302
   29.63963964    0.00908751
   29.67967968    0.00919342
   29.71971972    0.00931090
   29.75975976    0.00944000
   29.79979980    0.00958062
   29.83983984    0.00973257
   29.87987988    0.00989550
   29.91991992    0.01006899
   29.95995996    0.01025249
   30.00000000    0.01044537
