# Final state angular momentum:   1
# Broadening parameter (in eV):    0.500
# Absorbing atom type (xiabs):   1
# Energy (eV)   sigma
  -10.00000000    0.00046165
   -9.95995996    0.00046356
   -9.91991992    0.00046549
   -9.87987988    0.00046743
   -9.83983984    0.00046938
   -9.79979980    0.00047134
   -9.75975976    0.00047332
   -9.71971972    0.00047531
   -9.67967968    0.00047731
   -9.63963964    0.00047932
   -9.59959960    0.00048135
   -9.55955956    0.00048339
   -9.51951952    0.00048544
   -9.47947948    0.00048751
   -9.43943944    0.00048959
   -9.39939940    0.00049168
   -9.35935936    0.00049379
   -9.31931932    0.00049591
   -9.27927928    0.00049805
   -9.23923924    0.00050020
   -9.19919920    0.00050236
   -9.15915916    0.00050454
   -9.11911912    0.00050673
   -9.07907908    0.00050894
   -9.03903904    0.00051116
   -8.99899900    0.00051340
   -8.95895896    0.00051565
   -8.91891892    0.00051792
   -8.87887888    0.00052020
   -8.83883884    0.00052250
   -8.79879880    0.00052481
   -8.75875876    0.00052714
   -8.71871872    0.00052949
   -8.67867868    0.00053185
   -8.63863864    0.00053423
   -8.59859860    0.00053662
   -8.55855856    0.00053903
   -8.51851852    0.00054146
   -8.47847848    0.00054390
   -8.43843844    0.00054636
   -8.39839840    0.00054884
   -8.35835836    0.00055133
   -8.31831832    0.00055385
   -8.27827828    0.00055638
   -8.23823824    0.00055892
   -8.19819820    0.00056149
   -8.15815816    0.00056407
   -8.11811812    0.00056668
   -8.07807808    0.00056930
   -8.03803804    0.00057194
   -7.99799800    0.00057460
   -7.95795796    0.00057727
   -7.91791792    0.00057997
   -7.87787788    0.00058269
   -7.83783784    0.00058542
   -7.79779780    0.00058818
   -7.75775776    0.00059095
   -7.71771772    0.00059375
   -7.67767768    0.00059656
   -7.63763764    0.00059940
   -7.59759760    0.00060226
   -7.55755756    0.00060514
   -7.51751752    0.00060804
   -7.47747748    0.00061096
   -7.43743744    0.00061390
   -7.39739740    0.00061687
   -7.35735736    0.00061985
   -7.31731732    0.00062286
   -7.27727728    0.00062589
   -7.23723724    0.00062895
   -7.19719720    0.00063203
   -7.15715716    0.00063513
   -7.11711712    0.00063825
   -7.07707708    0.00064140
   -7.03703704    0.00064457
   -6.99699700    0.00064777
   -6.95695696    0.00065099
   -6.91691692    0.00065424
   -6.87687688    0.00065751
   -6.83683684    0.00066080
   -6.79679680    0.00066413
   -6.75675676    0.00066747
   -6.71671672    0.00067085
   -6.67667668    0.00067425
   -6.63663664    0.00067767
   -6.59659660    0.00068113
   -6.55655656    0.00068461
   -6.51651652    0.00068812
   -6.47647648    0.00069166
   -6.43643644    0.00069522
   -6.39639640    0.00069881
   -6.35635636    0.00070244
   -6.31631632    0.00070609
   -6.27627628    0.00070977
   -6.23623624    0.00071348
   -6.19619620    0.00071722
   -6.15615616    0.00072099
   -6.11611612    0.00072479
   -6.07607608    0.00072863
   -6.03603604    0.00073249
   -5.99599600    0.00073639
   -5.95595596    0.00074032
   -5.91591592    0.00074428
   -5.87587588    0.00074827
   -5.83583584    0.00075230
   -5.79579580    0.00075636
   -5.75575576    0.00076046
   -5.71571572    0.00076459
   -5.67567568    0.00076875
   -5.63563564    0.00077295
   -5.59559560    0.00077719
   -5.55555556    0.00078146
   -5.51551552    0.00078577
   -5.47547548    0.00079012
   -5.43543544    0.00079450
   -5.39539540    0.00079892
   -5.35535536    0.00080338
   -5.31531532    0.00080788
   -5.27527528    0.00081242
   -5.23523524    0.00081699
   -5.19519520    0.00082161
   -5.15515516    0.00082627
   -5.11511512    0.00083097
   -5.07507508    0.00083571
   -5.03503504    0.00084049
   -4.99499499    0.00084532
   -4.95495495    0.00085019
   -4.91491491    0.00085510
   -4.87487487    0.00086006
   -4.83483483    0.00086506
   -4.79479479    0.00087011
   -4.75475475    0.00087521
   -4.71471471    0.00088035
   -4.67467467    0.00088554
   -4.63463463    0.00089077
   -4.59459459    0.00089606
   -4.55455455    0.00090139
   -4.51451451    0.00090677
   -4.47447447    0.00091221
   -4.43443443    0.00091769
   -4.39439439    0.00092323
   -4.35435435    0.00092882
   -4.31431431    0.00093446
   -4.27427427    0.00094015
   -4.23423423    0.00094590
   -4.19419419    0.00095171
   -4.15415415    0.00095757
   -4.11411411    0.00096349
   -4.07407407    0.00096946
   -4.03403403    0.00097550
   -3.99399399    0.00098159
   -3.95395395    0.00098774
   -3.91391391    0.00099395
   -3.87387387    0.00100023
   -3.83383383    0.00100657
   -3.79379379    0.00101297
   -3.75375375    0.00101943
   -3.71371371    0.00102596
   -3.67367367    0.00103255
   -3.63363363    0.00103921
   -3.59359359    0.00104594
   -3.55355355    0.00105274
   -3.51351351    0.00105961
   -3.47347347    0.00106655
   -3.43343343    0.00107355
   -3.39339339    0.00108064
   -3.35335335    0.00108779
   -3.31331331    0.00109502
   -3.27327327    0.00110233
   -3.23323323    0.00110971
   -3.19319319    0.00111717
   -3.15315315    0.00112472
   -3.11311311    0.00113234
   -3.07307307    0.00114004
   -3.03303303    0.00114783
   -2.99299299    0.00115570
   -2.95295295    0.00116365
   -2.91291291    0.00117169
   -2.87287287    0.00117982
   -2.83283283    0.00118804
   -2.79279279    0.00119635
   -2.75275275    0.00120476
   -2.71271271    0.00121325
   -2.67267267    0.00122184
   -2.63263263    0.00123053
   -2.59259259    0.00123932
   -2.55255255    0.00124820
   -2.51251251    0.00125719
   -2.47247247    0.00126628
   -2.43243243    0.00127547
   -2.39239239    0.00128477
   -2.35235235    0.00129418
   -2.31231231    0.00130370
   -2.27227227    0.00131333
   -2.23223223    0.00132307
   -2.19219219    0.00133293
   -2.15215215    0.00134290
   -2.11211211    0.00135299
   -2.07207207    0.00136321
   -2.03203203    0.00137355
   -1.99199199    0.00138401
   -1.95195195    0.00139460
   -1.91191191    0.00140532
   -1.87187187    0.00141618
   -1.83183183    0.00142716
   -1.79179179    0.00143829
   -1.75175175    0.00144955
   -1.71171171    0.00146095
   -1.67167167    0.00147250
   -1.63163163    0.00148420
   -1.59159159    0.00149604
   -1.55155155    0.00150804
   -1.51151151    0.00152019
   -1.47147147    0.00153250
   -1.43143143    0.00154497
   -1.39139139    0.00155760
   -1.35135135    0.00157040
   -1.31131131    0.00158337
   -1.27127127    0.00159652
   -1.23123123    0.00160984
   -1.19119119    0.00162335
   -1.15115115    0.00163703
   -1.11111111    0.00165091
   -1.07107107    0.00166497
   -1.03103103    0.00167924
   -0.99099099    0.00169370
   -0.95095095    0.00170837
   -0.91091091    0.00172324
   -0.87087087    0.00173833
   -0.83083083    0.00175364
   -0.79079079    0.00176917
   -0.75075075    0.00178493
   -0.71071071    0.00180092
   -0.67067067    0.00181715
   -0.63063063    0.00183363
   -0.59059059    0.00185035
   -0.55055055    0.00186734
   -0.51051051    0.00188458
   -0.47047047    0.00190210
   -0.43043043    0.00191990
   -0.39039039    0.00193797
   -0.35035035    0.00195634
   -0.31031031    0.00197501
   -0.27027027    0.00199399
   -0.23023023    0.00201327
   -0.19019019    0.00203288
   -0.15015015    0.00205281
   -0.11011011    0.00207308
   -0.07007007    0.00209358
   -0.03003003    0.00211444
    0.01001001    0.00213571
    0.05005005    0.00215742
    0.09009009    0.00217957
    0.13013013    0.00220201
    0.17017017    0.00222478
    0.21021021    0.00224795
    0.25025025    0.00227151
    0.29029029    0.00229548
    0.33033033    0.00231987
    0.37037037    0.00234468
    0.41041041    0.00236992
    0.45045045    0.00239561
    0.49049049    0.00242175
    0.53053053    0.00244836
    0.57057057    0.00247545
    0.61061061    0.00250304
    0.65065065    0.00253116
    0.69069069    0.00255981
    0.73073073    0.00258902
    0.77077077    0.00261880
    0.81081081    0.00264917
    0.85085085    0.00268012
    0.89089089    0.00271167
    0.93093093    0.00274382
    0.97097097    0.00277657
    1.01101101    0.00280993
    1.05105105    0.00284390
    1.09109109    0.00287850
    1.13113113    0.00291374
    1.17117117    0.00294964
    1.21121121    0.00298622
    1.25125125    0.00302349
    1.29129129    0.00306147
    1.33133133    0.00310016
    1.37137137    0.00313956
    1.41141141    0.00317966
    1.45145145    0.00322046
    1.49149149    0.00326196
    1.53153153    0.00330417
    1.57157157    0.00334710
    1.61161161    0.00339078
    1.65165165    0.00343526
    1.69169169    0.00348057
    1.73173173    0.00352676
    1.77177177    0.00357389
    1.81181181    0.00362200
    1.85185185    0.00367114
    1.89189189    0.00372132
    1.93193193    0.00377258
    1.97197197    0.00382494
    2.01201201    0.00387841
    2.05205205    0.00393300
    2.09209209    0.00398876
    2.13213213    0.00404569
    2.17217217    0.00410384
    2.21221221    0.00416327
    2.25225225    0.00422401
    2.29229229    0.00428614
    2.33233233    0.00434971
    2.37237237    0.00441478
    2.41241241    0.00448141
    2.45245245    0.00454968
    2.49249249    0.00461963
    2.53253253    0.00469132
    2.57257257    0.00476484
    2.61261261    0.00484023
    2.65265265    0.00491759
    2.69269269    0.00499698
    2.73273273    0.00507850
    2.77277277    0.00516224
    2.81281281    0.00524830
    2.85285285    0.00533679
    2.89289289    0.00542782
    2.93293293    0.00552151
    2.97297297    0.00561797
    3.01301301    0.00571732
    3.05305305    0.00581971
    3.09309309    0.00592525
    3.13313313    0.00603410
    3.17317317    0.00614639
    3.21321321    0.00626229
    3.25325325    0.00638194
    3.29329329    0.00650553
    3.33333333    0.00663322
    3.37337337    0.00676521
    3.41341341    0.00690168
    3.45345345    0.00704285
    3.49349349    0.00718895
    3.53353353    0.00734023
    3.57357357    0.00749696
    3.61361361    0.00765943
    3.65365365    0.00782795
    3.69369369    0.00800287
    3.73373373    0.00818452
    3.77377377    0.00837330
    3.81381381    0.00856960
    3.85385385    0.00877385
    3.89389389    0.00898651
    3.93393393    0.00920807
    3.97397397    0.00943907
    4.01401401    0.00968007
    4.05405405    0.00993168
    4.09409409    0.01019458
    4.13413413    0.01046944
    4.17417417    0.01075703
    4.21421421    0.01105814
    4.25425425    0.01137359
    4.29429429    0.01170426
    4.33433433    0.01205107
    4.37437437    0.01241500
    4.41441441    0.01279710
    4.45445445    0.01319847
    4.49449449    0.01362030
    4.53453453    0.01406389
    4.57457457    0.01453066
    4.61461461    0.01502212
    4.65465465    0.01553997
    4.69469469    0.01608604
    4.73473473    0.01666233
    4.77477477    0.01727103
    4.81481481    0.01791451
    4.85485485    0.01859535
    4.89489489    0.01931634
    4.93493493    0.02008052
    4.97497497    0.02089118
    5.01501502    0.02175189
    5.05505506    0.02266656
    5.09509510    0.02363943
    5.13513514    0.02467521
    5.17517518    0.02577907
    5.21521522    0.02695670
    5.25525526    0.02821443
    5.29529530    0.02955923
    5.33533534    0.03099879
    5.37537538    0.03254155
    5.41541542    0.03419672
    5.45545546    0.03597431
    5.49549550    0.03788503
    5.53553554    0.03994028
    5.57557558    0.04215198
    5.61561562    0.04453232
    5.65565566    0.04709342
    5.69569570    0.04984685
    5.73573574    0.05280306
    5.77577578    0.05597056
    5.81581582    0.05935505
    5.85585586    0.06295844
    5.89589590    0.06677774
    5.93593594    0.07080409
    5.97597598    0.07502199
    6.01601602    0.07940879
    6.05605606    0.08393481
    6.09609610    0.08856393
    6.13613614    0.09325482
    6.17617618    0.09796257
    6.21621622    0.10264054
    6.25625626    0.10724224
    6.29629630    0.11172313
    6.33633634    0.11604230
    6.37637638    0.12016405
    6.41641642    0.12405942
    6.45645646    0.12770736
    6.49649650    0.13109547
    6.53653654    0.13421973
    6.57657658    0.13708319
    6.61661662    0.13969383
    6.65665666    0.14206182
    6.69669670    0.14419665
    6.73673674    0.14610480
    6.77677678    0.14778787
    6.81681682    0.14924172
    6.85685686    0.15045646
    6.89689690    0.15141732
    6.93693694    0.15210654
    6.97697698    0.15250604
    7.01701702    0.15260079
    7.05705706    0.15238258
    7.09709710    0.15185355
    7.13713714    0.15102881
    7.17717718    0.14993754
    7.21721722    0.14862201
    7.25725726    0.14713463
    7.29729730    0.14553339
    7.33733734    0.14387659
    7.37737738    0.14221768
    7.41741742    0.14060094
    7.45745746    0.13905874
    7.49749750    0.13761012
    7.53753754    0.13626089
    7.57757758    0.13500469
    7.61761762    0.13382470
    7.65765766    0.13269575
    7.69769770    0.13158658
    7.73773774    0.13046229
    7.77777778    0.12928690
    7.81781782    0.12802595
    7.85785786    0.12664896
    7.89789790    0.12513153
    7.93793794    0.12345696
    7.97797798    0.12161742
    8.01801802    0.11961462
    8.05805806    0.11746005
    8.09809810    0.11517473
    8.13813814    0.11278830
    8.17817818    0.11033731
    8.21821822    0.10786280
    8.25825826    0.10540735
    8.29829830    0.10301200
    8.33833834    0.10071354
    8.37837838    0.09854227
    8.41841842    0.09652055
    8.45845846    0.09466203
    8.49849850    0.09297143
    8.53853854    0.09144484
    8.57857858    0.09007027
    8.61861862    0.08882860
    8.65865866    0.08769480
    8.69869870    0.08663958
    8.73873874    0.08563130
    8.77877878    0.08463836
    8.81881882    0.08363172
    8.85885886    0.08258750
    8.89889890    0.08148923
    8.93893894    0.08032948
    8.97897898    0.07911060
    9.01901902    0.07784428
    9.05905906    0.07655005
    9.09909910    0.07525309
    9.13913914    0.07398152
    9.17917918    0.07276375
    9.21921922    0.07162616
    9.25925926    0.07059128
    9.29929930    0.06967660
    9.33933934    0.06889379
    9.37937938    0.06824841
    9.41941942    0.06774002
    9.45945946    0.06736253
    9.49949950    0.06710505
    9.53953954    0.06695314
    9.57957958    0.06689039
    9.61961962    0.06690041
    9.65965966    0.06696885
    9.69969970    0.06708515
    9.73973974    0.06724380
    9.77977978    0.06744462
    9.81981982    0.06769239
    9.85985986    0.06799562
    9.89989990    0.06836503
    9.93993994    0.06881187
    9.97997998    0.06934641
   10.02002002    0.06997664
   10.06006006    0.07070728
   10.10010010    0.07153910
   10.14014014    0.07246847
   10.18018018    0.07348739
   10.22022022    0.07458380
   10.26026026    0.07574238
   10.30030030    0.07694577
   10.34034034    0.07817598
   10.38038038    0.07941600
   10.42042042    0.08065123
   10.46046046    0.08187060
   10.50050050    0.08306715
   10.54054054    0.08423800
   10.58058058    0.08538383
   10.62062062    0.08650783
   10.66066066    0.08761446
   10.70070070    0.08870811
   10.74074074    0.08979195
   10.78078078    0.09086687
   10.82082082    0.09193095
   10.86086086    0.09297925
   10.90090090    0.09400408
   10.94094094    0.09499566
   10.98098098    0.09594315
   11.02102102    0.09683580
   11.06106106    0.09766405
   11.10110110    0.09842051
   11.14114114    0.09910032
   11.18118118    0.09970115
   11.22122122    0.10022262
   11.26126126    0.10066542
   11.30130130    0.10103016
   11.34134134    0.10131626
   11.38138138    0.10152084
   11.42142142    0.10163804
   11.46146146    0.10165853
   11.50150150    0.10156977
   11.54154154    0.10135684
   11.58158158    0.10100409
   11.62162162    0.10049726
   11.66166166    0.09982599
   11.70170170    0.09898616
   11.74174174    0.09798172
   11.78178178    0.09682551
   11.82182182    0.09553898
   11.86186186    0.09415075
   11.90190190    0.09269428
   11.94194194    0.09120501
   11.98198198    0.08971755
   12.02202202    0.08826319
   12.06206206    0.08686801
   12.10210210    0.08555178
   12.14214214    0.08432744
   12.18218218    0.08320131
   12.22222222    0.08217357
   12.26226226    0.08123921
   12.30230230    0.08038912
   12.34234234    0.07961127
   12.38238238    0.07889204
   12.42242242    0.07821742
   12.46246246    0.07757415
   12.50250250    0.07695054
   12.54254254    0.07633704
   12.58258258    0.07572645
   12.62262262    0.07511387
   12.66266266    0.07449640
   12.70270270    0.07387275
   12.74274274    0.07324284
   12.78278278    0.07260736
   12.82282282    0.07196733
   12.86286286    0.07132379
   12.90290290    0.07067745
   12.94294294    0.07002850
   12.98298298    0.06937664
   13.02302302    0.06872119
   13.06306306    0.06806148
   13.10310310    0.06739729
   13.14314314    0.06672921
   13.18318318    0.06605896
   13.22322322    0.06538943
   13.26326326    0.06472455
   13.30330330    0.06406899
   13.34334334    0.06342774
   13.38338338    0.06280562
   13.42342342    0.06220687
   13.46346346    0.06163477
   13.50350350    0.06109150
   13.54354354    0.06057804
   13.58358358    0.06009432
   13.62362362    0.05963942
   13.66366366    0.05921191
   13.70370370    0.05881013
   13.74374374    0.05843257
   13.78378378    0.05807814
   13.82382382    0.05774643
   13.86386386    0.05743792
   13.90390390    0.05715404
   13.94394394    0.05689723
   13.98398398    0.05667073
   14.02402402    0.05647832
   14.06406406    0.05632400
   14.10410410    0.05621152
   14.14414414    0.05614398
   14.18418418    0.05612355
   14.22422422    0.05615117
   14.26426426    0.05622640
   14.30430430    0.05634739
   14.34434434    0.05651089
   14.38438438    0.05671230
   14.42442442    0.05694580
   14.46446446    0.05720452
   14.50450450    0.05748077
   14.54454454    0.05776639
   14.58458458    0.05805314
   14.62462462    0.05833331
   14.66466466    0.05860019
   14.70470470    0.05884860
   14.74474474    0.05907524
   14.78478478    0.05927885
   14.82482482    0.05946015
   14.86486486    0.05962157
   14.90490490    0.05976689
   14.94494494    0.05990081
   14.98498498    0.06002847
   15.02502503    0.06015506
   15.06506507    0.06028532
   15.10510511    0.06042317
   15.14514515    0.06057136
   15.18518519    0.06073113
   15.22522523    0.06090208
   15.26526527    0.06108215
   15.30530531    0.06126772
   15.34534535    0.06145389
   15.38538539    0.06163493
   15.42542543    0.06180469
   15.46546547    0.06195716
   15.50550551    0.06208678
   15.54554555    0.06218877
   15.58558559    0.06225925
   15.62562563    0.06229514
   15.66566567    0.06229402
   15.70570571    0.06225393
   15.74574575    0.06217306
   15.78578579    0.06204963
   15.82582583    0.06188171
   15.86586587    0.06166727
   15.90590591    0.06140425
   15.94594595    0.06109085
   15.98598599    0.06072573
   16.02602603    0.06030836
   16.06606607    0.05983922
   16.10610611    0.05931991
   16.14614615    0.05875318
   16.18618619    0.05814283
   16.22622623    0.05749349
   16.26626627    0.05681045
   16.30630631    0.05609934
   16.34634635    0.05536594
   16.38638639    0.05461599
   16.42642643    0.05385511
   16.46646647    0.05308881
   16.50650651    0.05232265
   16.54654655    0.05156237
   16.58658659    0.05081407
   16.62662663    0.05008432
   16.66666667    0.04938001
   16.70670671    0.04870823
   16.74674675    0.04807587
   16.78678679    0.04748929
   16.82682683    0.04695391
   16.86686687    0.04647405
   16.90690691    0.04605278
   16.94694695    0.04569198
   16.98698699    0.04539253
   17.02702703    0.04515453
   17.06706707    0.04497752
   17.10710711    0.04486066
   17.14714715    0.04480294
   17.18718719    0.04480309
   17.22722723    0.04485965
   17.26726727    0.04497073
   17.30730731    0.04513387
   17.34734735    0.04534583
   17.38738739    0.04560237
   17.42742743    0.04589813
   17.46746747    0.04622652
   17.50750751    0.04657979
   17.54754755    0.04694909
   17.58758759    0.04732471
   17.62762763    0.04769639
   17.66766767    0.04805368
   17.70770771    0.04838641
   17.74774775    0.04868521
   17.78778779    0.04894204
   17.82782783    0.04915063
   17.86786787    0.04930690
   17.90790791    0.04940913
   17.94794795    0.04945798
   17.98798799    0.04945626
   18.02802803    0.04940849
   18.06806807    0.04932036
   18.10810811    0.04919798
   18.14814815    0.04904730
   18.18818819    0.04887352
   18.22822823    0.04868070
   18.26826827    0.04847157
   18.30830831    0.04824757
   18.34834835    0.04800896
   18.38838839    0.04775513
   18.42842843    0.04748495
   18.46846847    0.04719708
   18.50850851    0.04689026
   18.54854855    0.04656355
   18.58858859    0.04621651
   18.62862863    0.04584922
   18.66866867    0.04546230
   18.70870871    0.04505684
   18.74874875    0.04463431
   18.78878879    0.04419647
   18.82882883    0.04374525
   18.86886887    0.04328277
   18.90890891    0.04281130
   18.94894895    0.04233334
   18.98898899    0.04185175
   19.02902903    0.04136983
   19.06906907    0.04089144
   19.10910911    0.04042100
   19.14914915    0.03996349
   19.18918919    0.03952430
   19.22922923    0.03910906
   19.26926927    0.03872341
   19.30930931    0.03837273
   19.34934935    0.03806188
   19.38938939    0.03779501
   19.42942943    0.03757537
   19.46946947    0.03740515
   19.50950951    0.03728541
   19.54954955    0.03721601
   19.58958959    0.03719568
   19.62962963    0.03722204
   19.66966967    0.03729177
   19.70970971    0.03740083
   19.74974975    0.03754471
   19.78978979    0.03771883
   19.82982983    0.03791881
   19.86986987    0.03814090
   19.90990991    0.03838225
   19.94994995    0.03864106
   19.98998999    0.03891674
   20.03003003    0.03920976
   20.07007007    0.03952149
   20.11011011    0.03985392
   20.15015015    0.04020925
   20.19019019    0.04058950
   20.23023023    0.04099617
   20.27027027    0.04142985
   20.31031031    0.04189002
   20.35035035    0.04237485
   20.39039039    0.04288118
   20.43043043    0.04340457
   20.47047047    0.04393947
   20.51051051    0.04447947
   20.55055055    0.04501759
   20.59059059    0.04554655
   20.63063063    0.04605901
   20.67067067    0.04654775
   20.71071071    0.04700564
   20.75075075    0.04742574
   20.79079079    0.04780122
   20.83083083    0.04812549
   20.87087087    0.04839234
   20.91091091    0.04859625
   20.95095095    0.04873290
   20.99099099    0.04879961
   21.03103103    0.04879586
   21.07107107    0.04872356
   21.11111111    0.04858719
   21.15115115    0.04839363
   21.19119119    0.04815166
   21.23123123    0.04787134
   21.27127127    0.04756315
   21.31131131    0.04723723
   21.35135135    0.04690266
   21.39139139    0.04656687
   21.43143143    0.04623534
   21.47147147    0.04591143
   21.51151151    0.04559638
   21.55155155    0.04528952
   21.59159159    0.04498849
   21.63163163    0.04468963
   21.67167167    0.04438832
   21.71171171    0.04407939
   21.75175175    0.04375756
   21.79179179    0.04341775
   21.83183183    0.04305543
   21.87187187    0.04266687
   21.91191191    0.04224935
   21.95195195    0.04180120
   21.99199199    0.04132191
   22.03203203    0.04081207
   22.07207207    0.04027334
   22.11211211    0.03970836
   22.15215215    0.03912065
   22.19219219    0.03851447
   22.23223223    0.03789467
   22.27227227    0.03726660
   22.31231231    0.03663587
   22.35235235    0.03600822
   22.39239239    0.03538931
   22.43243243    0.03478452
   22.47247247    0.03419872
   22.51251251    0.03363611
   22.55255255    0.03310001
   22.59259259    0.03259275
   22.63263263    0.03211557
   22.67267267    0.03166861
   22.71271271    0.03125095
   22.75275275    0.03086062
   22.79279279    0.03049473
   22.83283283    0.03014962
   22.87287287    0.02982098
   22.91291291    0.02950404
   22.95295295    0.02919377
   22.99299299    0.02888502
   23.03303303    0.02857272
   23.07307307    0.02825199
   23.11311311    0.02791824
   23.15315315    0.02756725
   23.19319319    0.02719519
   23.23323323    0.02679862
   23.27327327    0.02637462
   23.31331331    0.02592079
   23.35335335    0.02543547
   23.39339339    0.02491790
   23.43343343    0.02436855
   23.47347347    0.02378930
   23.51351351    0.02318369
   23.55355355    0.02255689
   23.59359359    0.02191552
   23.63363363    0.02126724
   23.67367367    0.02062022
   23.71371371    0.01998252
   23.75375375    0.01936162
   23.79379379    0.01876398
   23.83383383    0.01819491
   23.87387387    0.01765842
   23.91391391    0.01715733
   23.95395395    0.01669343
   23.99399399    0.01626761
   24.03403403    0.01588005
   24.07407407    0.01553041
   24.11411411    0.01521797
   24.15415415    0.01494171
   24.19419419    0.01470045
   24.23423423    0.01449289
   24.27427427    0.01431766
   24.31431431    0.01417335
   24.35435435    0.01405851
   24.39439439    0.01397168
   24.43443443    0.01391136
   24.47447447    0.01387606
   24.51451451    0.01386422
   24.55455455    0.01387426
   24.59459459    0.01390454
   24.63463463    0.01395340
   24.67467467    0.01401909
   24.71471471    0.01409987
   24.75475475    0.01419393
   24.79479479    0.01429950
   24.83483483    0.01441486
   24.87487487    0.01453838
   24.91491491    0.01466858
   24.95495495    0.01480416
   24.99499499    0.01494403
   25.03503504    0.01508723
   25.07507508    0.01523297
   25.11511512    0.01538048
   25.15515516    0.01552897
   25.19519520    0.01567747
   25.23523524    0.01582479
   25.27527528    0.01596930
   25.31531532    0.01610890
   25.35535536    0.01624086
   25.39539540    0.01636176
   25.43543544    0.01646748
   25.47547548    0.01655325
   25.51551552    0.01661386
   25.55555556    0.01664397
   25.59559560    0.01663857
   25.63563564    0.01659347
   25.67567568    0.01650581
   25.71571572    0.01637445
   25.75575576    0.01620019
   25.79579580    0.01598576
   25.83583584    0.01573554
   25.87587588    0.01545511
   25.91591592    0.01515070
   25.95595596    0.01482857
   25.99599600    0.01449446
   26.03603604    0.01415319
   26.07607608    0.01380850
   26.11611612    0.01346294
   26.15615616    0.01311805
   26.19619620    0.01277455
   26.23623624    0.01243263
   26.27627628    0.01209221
   26.31631632    0.01175321
   26.35635636    0.01141575
   26.39639640    0.01108026
   26.43643644    0.01074757
   26.47647648    0.01041888
   26.51651652    0.01009570
   26.55655656    0.00977969
   26.59659660    0.00947261
   26.63663664    0.00917610
   26.67667668    0.00889162
   26.71671672    0.00862041
   26.75675676    0.00836340
   26.79679680    0.00812122
   26.83683684    0.00789427
   26.87687688    0.00768269
   26.91691692    0.00748643
   26.95695696    0.00730529
   26.99699700    0.00713892
   27.03703704    0.00698693
   27.07707708    0.00684884
   27.11711712    0.00672414
   27.15715716    0.00661231
   27.19719720    0.00651279
   27.23723724    0.00642506
   27.27727728    0.00634857
   27.31731732    0.00628279
   27.35735736    0.00622719
   27.39739740    0.00618124
   27.43743744    0.00614439
   27.47747748    0.00611610
   27.51751752    0.00609581
   27.55755756    0.00608293
   27.59759760    0.00607685
   27.63763764    0.00607697
   27.67767768    0.00608263
   27.71771772    0.00609320
   27.75775776    0.00610804
   27.79779780    0.00612651
   27.83783784    0.00614803
   27.87787788    0.00617202
   27.91791792    0.00619798
   27.95795796    0.00622543
   27.99799800    0.00625398
   28.03803804    0.00628329
   28.07807808    0.00631309
   28.11811812    0.00634318
   28.15815816    0.00637344
   28.19819820    0.00640382
   28.23823824    0.00643432
   28.27827828    0.00646499
   28.31831832    0.00649586
   28.35835836    0.00652698
   28.39839840    0.00655832
   28.43843844    0.00658979
   28.47847848    0.00662118
   28.51851852    0.00665218
   28.55855856    0.00668234
   28.59859860    0.00671108
   28.63863864    0.00673769
   28.67867868    0.00676135
   28.71871872    0.00678117
   28.75875876    0.00679626
   28.79879880    0.00680572
   28.83883884    0.00680876
   28.87887888    0.00680476
   28.91891892    0.00679327
   28.95895896    0.00677408
   28.99899900    0.00674722
   29.03903904    0.00671295
   29.07907908    0.00667173
   29.11911912    0.00662419
   29.15915916    0.00657102
   29.19919920    0.00651301
   29.23923924    0.00645092
   29.27927928    0.00638553
   29.31931932    0.00631756
   29.35935936    0.00624770
   29.39939940    0.00617659
   29.43943944    0.00610487
   29.47947948    0.00603311
   29.51951952    0.00596188
   29.55955956    0.00589171
   29.59959960    0.00582313
   29.63963964    0.00575661
   29.67967968    0.00569260
   29.71971972    0.00563152
   29.75975976    0.00557370
   29.79979980    0.00551944
   29.83983984    0.00546893
   29.87987988    0.00542233
   29.91991992    0.00537970
   29.95995996    0.00534107
   30.00000000    0.00530638
