# Final state angular momentum:   1
# Broadening parameter (in eV):    0.500
# Absorbing atom type (xiabs):   1
# Energy (eV)   sigma
  -10.00000000    0.00046166
   -9.95995996    0.00046357
   -9.91991992    0.00046550
   -9.87987988    0.00046744
   -9.83983984    0.00046939
   -9.79979980    0.00047135
   -9.75975976    0.00047333
   -9.71971972    0.00047532
   -9.67967968    0.00047732
   -9.63963964    0.00047933
   -9.59959960    0.00048136
   -9.55955956    0.00048340
   -9.51951952    0.00048545
   -9.47947948    0.00048752
   -9.43943944    0.00048960
   -9.39939940    0.00049169
   -9.35935936    0.00049380
   -9.31931932    0.00049592
   -9.27927928    0.00049806
   -9.23923924    0.00050021
   -9.19919920    0.00050237
   -9.15915916    0.00050455
   -9.11911912    0.00050674
   -9.07907908    0.00050895
   -9.03903904    0.00051117
   -8.99899900    0.00051341
   -8.95895896    0.00051566
   -8.91891892    0.00051793
   -8.87887888    0.00052021
   -8.83883884    0.00052251
   -8.79879880    0.00052482
   -8.75875876    0.00052715
   -8.71871872    0.00052950
   -8.67867868    0.00053186
   -8.63863864    0.00053424
   -8.59859860    0.00053663
   -8.55855856    0.00053904
   -8.51851852    0.00054147
   -8.47847848    0.00054391
   -8.43843844    0.00054637
   -8.39839840    0.00054885
   -8.35835836    0.00055135
   -8.31831832    0.00055386
   -8.27827828    0.00055639
   -8.23823824    0.00055894
   -8.19819820    0.00056150
   -8.15815816    0.00056409
   -8.11811812    0.00056669
   -8.07807808    0.00056931
   -8.03803804    0.00057195
   -7.99799800    0.00057461
   -7.95795796    0.00057729
   -7.91791792    0.00057998
   -7.87787788    0.00058270
   -7.83783784    0.00058544
   -7.79779780    0.00058819
   -7.75775776    0.00059097
   -7.71771772    0.00059376
   -7.67767768    0.00059658
   -7.63763764    0.00059942
   -7.59759760    0.00060227
   -7.55755756    0.00060515
   -7.51751752    0.00060805
   -7.47747748    0.00061098
   -7.43743744    0.00061392
   -7.39739740    0.00061688
   -7.35735736    0.00061987
   -7.31731732    0.00062288
   -7.27727728    0.00062591
   -7.23723724    0.00062897
   -7.19719720    0.00063204
   -7.15715716    0.00063515
   -7.11711712    0.00063827
   -7.07707708    0.00064142
   -7.03703704    0.00064459
   -6.99699700    0.00064779
   -6.95695696    0.00065101
   -6.91691692    0.00065426
   -6.87687688    0.00065753
   -6.83683684    0.00066082
   -6.79679680    0.00066415
   -6.75675676    0.00066749
   -6.71671672    0.00067087
   -6.67667668    0.00067427
   -6.63663664    0.00067770
   -6.59659660    0.00068115
   -6.55655656    0.00068463
   -6.51651652    0.00068814
   -6.47647648    0.00069168
   -6.43643644    0.00069524
   -6.39639640    0.00069884
   -6.35635636    0.00070246
   -6.31631632    0.00070611
   -6.27627628    0.00070979
   -6.23623624    0.00071350
   -6.19619620    0.00071724
   -6.15615616    0.00072102
   -6.11611612    0.00072482
   -6.07607608    0.00072865
   -6.03603604    0.00073252
   -5.99599600    0.00073641
   -5.95595596    0.00074034
   -5.91591592    0.00074430
   -5.87587588    0.00074830
   -5.83583584    0.00075233
   -5.79579580    0.00075639
   -5.75575576    0.00076048
   -5.71571572    0.00076461
   -5.67567568    0.00076878
   -5.63563564    0.00077298
   -5.59559560    0.00077722
   -5.55555556    0.00078149
   -5.51551552    0.00078580
   -5.47547548    0.00079014
   -5.43543544    0.00079453
   -5.39539540    0.00079895
   -5.35535536    0.00080341
   -5.31531532    0.00080791
   -5.27527528    0.00081245
   -5.23523524    0.00081702
   -5.19519520    0.00082164
   -5.15515516    0.00082630
   -5.11511512    0.00083100
   -5.07507508    0.00083574
   -5.03503504    0.00084052
   -4.99499499    0.00084535
   -4.95495495    0.00085022
   -4.91491491    0.00085514
   -4.87487487    0.00086009
   -4.83483483    0.00086510
   -4.79479479    0.00087015
   -4.75475475    0.00087524
   -4.71471471    0.00088038
   -4.67467467    0.00088557
   -4.63463463    0.00089081
   -4.59459459    0.00089609
   -4.55455455    0.00090143
   -4.51451451    0.00090681
   -4.47447447    0.00091224
   -4.43443443    0.00091773
   -4.39439439    0.00092327
   -4.35435435    0.00092886
   -4.31431431    0.00093450
   -4.27427427    0.00094019
   -4.23423423    0.00094594
   -4.19419419    0.00095175
   -4.15415415    0.00095761
   -4.11411411    0.00096353
   -4.07407407    0.00096951
   -4.03403403    0.00097554
   -3.99399399    0.00098163
   -3.95395395    0.00098779
   -3.91391391    0.00099400
   -3.87387387    0.00100027
   -3.83383383    0.00100661
   -3.79379379    0.00101301
   -3.75375375    0.00101948
   -3.71371371    0.00102600
   -3.67367367    0.00103260
   -3.63363363    0.00103926
   -3.59359359    0.00104599
   -3.55355355    0.00105279
   -3.51351351    0.00105966
   -3.47347347    0.00106660
   -3.43343343    0.00107361
   -3.39339339    0.00108069
   -3.35335335    0.00108784
   -3.31331331    0.00109508
   -3.27327327    0.00110238
   -3.23323323    0.00110977
   -3.19319319    0.00111723
   -3.15315315    0.00112477
   -3.11311311    0.00113239
   -3.07307307    0.00114010
   -3.03303303    0.00114788
   -2.99299299    0.00115575
   -2.95295295    0.00116371
   -2.91291291    0.00117175
   -2.87287287    0.00117988
   -2.83283283    0.00118811
   -2.79279279    0.00119642
   -2.75275275    0.00120482
   -2.71271271    0.00121332
   -2.67267267    0.00122191
   -2.63263263    0.00123060
   -2.59259259    0.00123938
   -2.55255255    0.00124827
   -2.51251251    0.00125726
   -2.47247247    0.00126635
   -2.43243243    0.00127554
   -2.39239239    0.00128484
   -2.35235235    0.00129425
   -2.31231231    0.00130377
   -2.27227227    0.00131340
   -2.23223223    0.00132315
   -2.19219219    0.00133300
   -2.15215215    0.00134298
   -2.11211211    0.00135307
   -2.07207207    0.00136329
   -2.03203203    0.00137363
   -1.99199199    0.00138410
   -1.95195195    0.00139469
   -1.91191191    0.00140541
   -1.87187187    0.00141626
   -1.83183183    0.00142725
   -1.79179179    0.00143838
   -1.75175175    0.00144964
   -1.71171171    0.00146105
   -1.67167167    0.00147260
   -1.63163163    0.00148429
   -1.59159159    0.00149614
   -1.55155155    0.00150814
   -1.51151151    0.00152029
   -1.47147147    0.00153260
   -1.43143143    0.00154507
   -1.39139139    0.00155771
   -1.35135135    0.00157051
   -1.31131131    0.00158348
   -1.27127127    0.00159663
   -1.23123123    0.00160996
   -1.19119119    0.00162346
   -1.15115115    0.00163715
   -1.11111111    0.00165103
   -1.07107107    0.00166509
   -1.03103103    0.00167936
   -0.99099099    0.00169382
   -0.95095095    0.00170849
   -0.91091091    0.00172337
   -0.87087087    0.00173846
   -0.83083083    0.00175377
   -0.79079079    0.00176930
   -0.75075075    0.00178506
   -0.71071071    0.00180106
   -0.67067067    0.00181729
   -0.63063063    0.00183377
   -0.59059059    0.00185050
   -0.55055055    0.00186748
   -0.51051051    0.00188473
   -0.47047047    0.00190225
   -0.43043043    0.00192004
   -0.39039039    0.00193812
   -0.35035035    0.00195650
   -0.31031031    0.00197517
   -0.27027027    0.00199414
   -0.23023023    0.00201343
   -0.19019019    0.00203304
   -0.15015015    0.00205298
   -0.11011011    0.00207324
   -0.07007007    0.00209374
   -0.03003003    0.00211461
    0.01001001    0.00213589
    0.05005005    0.00215760
    0.09009009    0.00217975
    0.13013013    0.00220220
    0.17017017    0.00222498
    0.21021021    0.00224815
    0.25025025    0.00227172
    0.29029029    0.00229570
    0.33033033    0.00232010
    0.37037037    0.00234492
    0.41041041    0.00237017
    0.45045045    0.00239586
    0.49049049    0.00242201
    0.53053053    0.00244863
    0.57057057    0.00247573
    0.61061061    0.00250334
    0.65065065    0.00253146
    0.69069069    0.00256012
    0.73073073    0.00258935
    0.77077077    0.00261914
    0.81081081    0.00264951
    0.85085085    0.00268048
    0.89089089    0.00271204
    0.93093093    0.00274420
    0.97097097    0.00277697
    1.01101101    0.00281034
    1.05105105    0.00284432
    1.09109109    0.00287893
    1.13113113    0.00291419
    1.17117117    0.00295010
    1.21121121    0.00298669
    1.25125125    0.00302398
    1.29129129    0.00306197
    1.33133133    0.00310067
    1.37137137    0.00314009
    1.41141141    0.00318020
    1.45145145    0.00322102
    1.49149149    0.00326254
    1.53153153    0.00330476
    1.57157157    0.00334771
    1.61161161    0.00339141
    1.65165165    0.00343590
    1.69169169    0.00348123
    1.73173173    0.00352744
    1.77177177    0.00357459
    1.81181181    0.00362272
    1.85185185    0.00367187
    1.89189189    0.00372207
    1.93193193    0.00377334
    1.97197197    0.00382572
    2.01201201    0.00387920
    2.05205205    0.00393382
    2.09209209    0.00398959
    2.13213213    0.00404654
    2.17217217    0.00410472
    2.21221221    0.00416417
    2.25225225    0.00422493
    2.29229229    0.00428708
    2.33233233    0.00435067
    2.37237237    0.00441576
    2.41241241    0.00448241
    2.45245245    0.00455069
    2.49249249    0.00462066
    2.53253253    0.00469237
    2.57257257    0.00476590
    2.61261261    0.00484131
    2.65265265    0.00491869
    2.69269269    0.00499810
    2.73273273    0.00507965
    2.77277277    0.00516342
    2.81281281    0.00524951
    2.85285285    0.00533804
    2.89289289    0.00542911
    2.93293293    0.00552283
    2.97297297    0.00561933
    3.01301301    0.00571872
    3.05305305    0.00582115
    3.09309309    0.00592674
    3.13313313    0.00603563
    3.17317317    0.00614797
    3.21321321    0.00626391
    3.25325325    0.00638362
    3.29329329    0.00650725
    3.33333333    0.00663499
    3.37337337    0.00676701
    3.41341341    0.00690352
    3.45345345    0.00704472
    3.49349349    0.00719085
    3.53353353    0.00734215
    3.57357357    0.00749890
    3.61361361    0.00766140
    3.65365365    0.00782995
    3.69369369    0.00800490
    3.73373373    0.00818660
    3.77377377    0.00837544
    3.81381381    0.00857181
    3.85385385    0.00877614
    3.89389389    0.00898890
    3.93393393    0.00921057
    3.97397397    0.00944168
    4.01401401    0.00968280
    4.05405405    0.00993455
    4.09409409    0.01019759
    4.13413413    0.01047261
    4.17417417    0.01076037
    4.21421421    0.01106165
    4.25425425    0.01137730
    4.29429429    0.01170817
    4.33433433    0.01205520
    4.37437437    0.01241936
    4.41441441    0.01280168
    4.45445445    0.01320328
    4.49449449    0.01362534
    4.53453453    0.01406916
    4.57457457    0.01453614
    4.61461461    0.01502782
    4.65465465    0.01554588
    4.69469469    0.01609215
    4.73473473    0.01666864
    4.77477477    0.01727754
    4.81481481    0.01792121
    4.85485485    0.01860224
    4.89489489    0.01932343
    4.93493493    0.02008779
    4.97497497    0.02089863
    5.01501502    0.02175951
    5.05505506    0.02267434
    5.09509510    0.02364738
    5.13513514    0.02468331
    5.17517518    0.02578732
    5.21521522    0.02696512
    5.25525526    0.02822306
    5.29529530    0.02956814
    5.33533534    0.03100807
    5.37537538    0.03255134
    5.41541542    0.03420718
    5.45545546    0.03598561
    5.49549550    0.03789736
    5.53553554    0.03995382
    5.57557558    0.04216686
    5.61561562    0.04454864
    5.65565566    0.04711121
    5.69569570    0.04986609
    5.73573574    0.05282365
    5.77577578    0.05599236
    5.81581582    0.05937787
    5.85585586    0.06298202
    5.89589590    0.06680178
    5.93593594    0.07082824
    5.97597598    0.07504582
    6.01601602    0.07943187
    6.05605606    0.08395673
    6.09609610    0.08858448
    6.13613614    0.09327415
    6.17617618    0.09798138
    6.21621622    0.10266023
    6.25625626    0.10726502
    6.29629630    0.11175194
    6.33633634    0.11608055
    6.37637638    0.12021528
    6.41641642    0.12412676
    6.45645646    0.12779313
    6.49649650    0.13120075
    6.53653654    0.13434414
    6.57657658    0.13722493
    6.61661662    0.13984986
    6.65665666    0.14222817
    6.69669670    0.14436893
    6.73673674    0.14627861
    6.77677678    0.14795937
    6.81681682    0.14940799
    6.85685686    0.15061579
    6.89689690    0.15156932
    6.93693694    0.15225208
    6.97697698    0.15264692
    7.01701702    0.15273938
    7.05705706    0.15252129
    7.09709710    0.15199436
    7.13713714    0.15117288
    7.17717718    0.15008489
    7.21721722    0.14877138
    7.25725726    0.14728353
    7.29729730    0.14567831
    7.33733734    0.14401338
    7.37737738    0.14234201
    7.41741742    0.14070890
    7.45745746    0.13914723
    7.49749750    0.13767717
    7.53753754    0.13630580
    7.57757758    0.13502794
    7.61761762    0.13382782
    7.65765766    0.13268101
    7.69769770    0.13155670
    7.73773774    0.13042016
    7.77777778    0.12923528
    7.81781782    0.12796721
    7.85785786    0.12658489
    7.89789790    0.12506324
    7.93793794    0.12338488
    7.97797798    0.12154131
    8.01801802    0.11953367
    8.05805806    0.11737303
    8.09809810    0.11508012
    8.13813814    0.11268444
    8.17817818    0.11022259
    8.21821822    0.10773584
    8.25825826    0.10526723
    8.29829830    0.10285847
    8.33833834    0.10054708
    8.37837838    0.09836413
    8.41841842    0.09633263
    8.45845846    0.09446672
    8.49849850    0.09277141
    8.53853854    0.09124281
    8.57857858    0.08986881
    8.61861862    0.08863000
    8.65865866    0.08750100
    8.69869870    0.08645207
    8.73873874    0.08545115
    8.77877878    0.08446621
    8.81881882    0.08346779
    8.85885886    0.08243163
    8.89889890    0.08134092
    8.93893894    0.08018802
    8.97897898    0.07897516
    9.01901902    0.07771407
    9.05905906    0.07642449
    9.09909910    0.07513186
    9.13913914    0.07386460
    9.17917918    0.07265136
    9.21921922    0.07151871
    9.25925926    0.07048925
    9.29929930    0.06958038
    9.33933934    0.06880363
    9.37937938    0.06816437
    9.41941942    0.06766190
    9.45945946    0.06728993
    9.49949950    0.06703739
    9.53953954    0.06688971
    9.57957958    0.06683040
    9.61961962    0.06684306
    9.65965966    0.06691335
    9.69969970    0.06703074
    9.73973974    0.06718974
    9.77977978    0.06739026
    9.81981982    0.06763714
    9.85985986    0.06793903
    9.89989990    0.06830679
    9.93993994    0.06875184
    9.97997998    0.06928457
   10.02002002    0.06991306
   10.06006006    0.07064201
   10.10010010    0.07147207
   10.14014014    0.07239942
   10.18018018    0.07341576
   10.22022022    0.07450875
   10.26026026    0.07566280
   10.30030030    0.07686034
   10.34034034    0.07808334
   10.38038038    0.07931494
   10.42042042    0.08054093
   10.46046046    0.08175083
   10.50050050    0.08293844
   10.54054054    0.08410174
   10.58058058    0.08524224
   10.62062062    0.08636380
   10.66066066    0.08747132
   10.70070070    0.08856930
   10.74074074    0.08966067
   10.78078078    0.09074583
   10.82082082    0.09182215
   10.86086086    0.09288387
   10.90090090    0.09392246
   10.94094094    0.09492738
   10.98098098    0.09588711
   11.02102102    0.09679027
   11.06106106    0.09762681
   11.10110110    0.09838888
   11.14114114    0.09907130
   11.18118118    0.09967156
   11.22122122    0.10018935
   11.26126126    0.10062569
   11.30130130    0.10098186
   11.34134134    0.10125824
   11.38138138    0.10145317
   11.42142142    0.10156208
   11.46146146    0.10157690
   11.50150150    0.10148609
   11.54154154    0.10127544
   11.58158158    0.10092951
   11.62162162    0.10043384
   11.66166166    0.09977747
   11.70170170    0.09895540
   11.74174174    0.09797050
   11.78178178    0.09683448
   11.82182182    0.09556774
   11.86186186    0.09419793
   11.90190190    0.09275775
   11.94194194    0.09128210
   11.98198198    0.08980525
   12.02202202    0.08835836
   12.06206206    0.08696757
   12.10210210    0.08565281
   12.14214214    0.08442734
   12.18218218    0.08329783
   12.22222222    0.08226491
   12.26226226    0.08132401
   12.30230230    0.08046648
   12.34234234    0.07968075
   12.38238238    0.07895362
   12.42242242    0.07827147
   12.46246246    0.07762136
   12.50250250    0.07699186
   12.54254254    0.07637364
   12.58258258    0.07575963
   12.62262262    0.07514498
   12.66266266    0.07452674
   12.70270270    0.07390351
   12.74274274    0.07327494
   12.78278278    0.07264136
   12.82282282    0.07200343
   12.86286286    0.07136180
   12.90290290    0.07071692
   12.94294294    0.07006886
   12.98298298    0.06941732
   13.02302302    0.06876179
   13.06306306    0.06810184
   13.10310310    0.06743751
   13.14314314    0.06676966
   13.18318318    0.06610022
   13.22322322    0.06543224
   13.26326326    0.06476980
   13.30330330    0.06411769
   13.34334334    0.06348095
   13.38338338    0.06286440
   13.42342342    0.06227216
   13.46346346    0.06170729
   13.50350350    0.06117154
   13.54354354    0.06066534
   13.58358358    0.06018794
   13.62362362    0.05973777
   13.66366366    0.05931275
   13.70370370    0.05891079
   13.74374374    0.05853012
   13.78378378    0.05816961
   13.82382382    0.05782906
   13.86386386    0.05750932
   13.90390390    0.05721235
   13.94394394    0.05694121
   13.98398398    0.05669980
   14.02402402    0.05649263
   14.06406406    0.05632438
   14.10410410    0.05619947
   14.14414414    0.05612160
   14.18418418    0.05609342
   14.22422422    0.05611621
   14.26426426    0.05618973
   14.30430430    0.05631218
   14.34434434    0.05648016
   14.38438438    0.05668883
   14.42442442    0.05693198
   14.46446446    0.05720223
   14.50450450    0.05749130
   14.54454454    0.05779036
   14.58458458    0.05809050
   14.62462462    0.05838330
   14.66466466    0.05866142
   14.70470470    0.05891917
   14.74474474    0.05915290
   14.78478478    0.05936116
   14.82482482    0.05954468
   14.86486486    0.05970606
   14.90490490    0.05984937
   14.94494494    0.05997968
   14.98498498    0.06010252
   15.02502503    0.06022345
   15.06506507    0.06034760
   15.10510511    0.06047924
   15.14514515    0.06062144
   15.18518519    0.06077577
   15.22522523    0.06094218
   15.26526527    0.06111887
   15.30530531    0.06130249
   15.34534535    0.06148836
   15.38538539    0.06167083
   15.42542543    0.06184381
   15.46546547    0.06200117
   15.50550551    0.06213717
   15.54554555    0.06224676
   15.58558559    0.06232567
   15.62562563    0.06237044
   15.66566567    0.06237823
   15.70570571    0.06234664
   15.74574575    0.06227349
   15.78578579    0.06215665
   15.82582583    0.06199393
   15.86586587    0.06178311
   15.90590591    0.06152204
   15.94594595    0.06120895
   15.98598599    0.06084264
   16.02602603    0.06042283
   16.06606607    0.05995034
   16.10610611    0.05942717
   16.14614615    0.05885650
   16.18618619    0.05824247
   16.22622623    0.05759005
   16.26626627    0.05690469
   16.30630631    0.05619211
   16.34634635    0.05545806
   16.38638639    0.05470813
   16.42642643    0.05394775
   16.46646647    0.05318223
   16.50650651    0.05241688
   16.54654655    0.05165722
   16.58658659    0.05090914
   16.62662663    0.05017901
   16.66666667    0.04947360
   16.70670671    0.04879988
   16.74674675    0.04816472
   16.78678679    0.04757448
   16.82682683    0.04703473
   16.86686687    0.04654998
   16.90690691    0.04612358
   16.94694695    0.04575777
   16.98698699    0.04545380
   17.02702703    0.04521213
   17.06706707    0.04503265
   17.10710711    0.04491481
   17.14714715    0.04485776
   17.18718719    0.04486038
   17.22722723    0.04492117
   17.26726727    0.04503815
   17.30730731    0.04520870
   17.34734735    0.04542926
   17.38738739    0.04569526
   17.42742743    0.04600090
   17.46746747    0.04633910
   17.50750751    0.04670157
   17.54754755    0.04707893
   17.58758759    0.04746091
   17.62762763    0.04783675
   17.66766767    0.04819561
   17.70770771    0.04852705
   17.74774775    0.04882161
   17.78778779    0.04907134
   17.82782783    0.04927024
   17.86786787    0.04941464
   17.90790791    0.04950334
   17.94794795    0.04953756
   17.98798799    0.04952067
   18.02802803    0.04945774
   18.06806807    0.04935488
   18.10810811    0.04921864
   18.14814815    0.04905528
   18.18818819    0.04887024
   18.22822823    0.04866777
   18.26826827    0.04845072
   18.30830831    0.04822050
   18.34834835    0.04797731
   18.38838839    0.04772038
   18.42842843    0.04744833
   18.46846847    0.04715952
   18.50850851    0.04685239
   18.54854855    0.04652574
   18.58858859    0.04617884
   18.62862863    0.04581157
   18.66866867    0.04542442
   18.70870871    0.04501839
   18.74874875    0.04459494
   18.78878879    0.04415586
   18.82882883    0.04370314
   18.86886887    0.04323899
   18.90890891    0.04276577
   18.94894895    0.04228607
   18.98898899    0.04180281
   19.02902903    0.04131932
   19.06906907    0.04083949
   19.10910911    0.04036775
   19.14914915    0.03990904
   19.18918919    0.03946875
   19.22922923    0.03905248
   19.26926927    0.03866584
   19.30930931    0.03831418
   19.34934935    0.03800234
   19.38938939    0.03773444
   19.42942943    0.03751367
   19.46946947    0.03734219
   19.50950951    0.03722099
   19.54954955    0.03714991
   19.58958959    0.03712762
   19.62962963    0.03715173
   19.66966967    0.03721893
   19.70970971    0.03732522
   19.74974975    0.03746617
   19.78978979    0.03763727
   19.82982983    0.03783427
   19.86986987    0.03805352
   19.90990991    0.03829220
   19.94994995    0.03854856
   19.98998999    0.03882196
   20.03003003    0.03911281
   20.07007007    0.03942241
   20.11011011    0.03975263
   20.15015015    0.04010560
   20.19019019    0.04048330
   20.23023023    0.04088720
   20.27027027    0.04131793
   20.31031031    0.04177502
   20.35035035    0.04225673
   20.39039039    0.04276002
   20.43043043    0.04328058
   20.47047047    0.04381299
   20.51051051    0.04435097
   20.55055055    0.04488764
   20.59059059    0.04541583
   20.63063063    0.04592825
   20.67067067    0.04641769
   20.71071071    0.04687701
   20.75075075    0.04729916
   20.79079079    0.04767721
   20.83083083    0.04800434
   20.87087087    0.04827414
   20.91091091    0.04848085
   20.95095095    0.04861991
   20.99099099    0.04868845
   21.03103103    0.04868581
   21.07107107    0.04861389
   21.11111111    0.04847723
   21.15115115    0.04828287
   21.19119119    0.04803985
   21.23123123    0.04775851
   21.27127127    0.04744967
   21.31131131    0.04712373
   21.35135135    0.04679001
   21.39139139    0.04645611
   21.43143143    0.04612757
   21.47147147    0.04580777
   21.51151151    0.04549790
   21.55155155    0.04519720
   21.59159159    0.04490319
   21.63163163    0.04461205
   21.67167167    0.04431899
   21.71171171    0.04401862
   21.75175175    0.04370542
   21.79179179    0.04337408
   21.83183183    0.04301984
   21.87187187    0.04263877
   21.91191191    0.04222796
   21.95195195    0.04178565
   21.99199199    0.04131125
   22.03203203    0.04080531
   22.07207207    0.04026949
   22.11211211    0.03970644
   22.15215215    0.03911974
   22.19219219    0.03851373
   22.23223223    0.03789339
   22.27227227    0.03726422
   22.31231231    0.03663204
   22.35235235    0.03600283
   22.39239239    0.03538250
   22.43243243    0.03477667
   22.47247247    0.03419046
   22.51251251    0.03362828
   22.55255255    0.03309363
   22.59259259    0.03258895
   22.63263263    0.03211555
   22.67267267    0.03167355
   22.71271271    0.03126192
   22.75275275    0.03087851
   22.79279279    0.03052021
   22.83283283    0.03018304
   22.87287287    0.02986238
   22.91291291    0.02955313
   22.95295295    0.02924995
   22.99299299    0.02894745
   23.03303303    0.02864037
   23.07307307    0.02832370
   23.11311311    0.02799282
   23.15315315    0.02764351
   23.19319319    0.02727201
   23.23323323    0.02687500
   23.27327327    0.02644966
   23.31331331    0.02599374
   23.35335335    0.02550572
   23.39339339    0.02498500
   23.43343343    0.02443218
   23.47347347    0.02384930
   23.51351351    0.02324003
   23.55355355    0.02260965
   23.59359359    0.02196488
   23.63363363    0.02131347
   23.67367367    0.02066363
   23.71371371    0.02002345
   23.75375375    0.01940041
   23.79379379    0.01880098
   23.83383383    0.01823044
   23.87387387    0.01769278
   23.91391391    0.01719080
   23.95395395    0.01672626
   23.99399399    0.01630003
   24.03403403    0.01591228
   24.07407407    0.01556264
   24.11411411    0.01525036
   24.15415415    0.01497442
   24.19419419    0.01473358
   24.23423423    0.01452649
   24.27427427    0.01435174
   24.31431431    0.01420784
   24.35435435    0.01409331
   24.39439439    0.01400663
   24.43443443    0.01394629
   24.47447447    0.01391076
   24.51451451    0.01389851
   24.55455455    0.01390797
   24.59459459    0.01393755
   24.63463463    0.01398564
   24.67467467    0.01405057
   24.71471471    0.01413066
   24.75475475    0.01422420
   24.79479479    0.01432950
   24.83483483    0.01444493
   24.87487487    0.01456895
   24.91491491    0.01470013
   24.95495495    0.01483721
   24.99499499    0.01497907
   25.03503504    0.01512473
   25.07507508    0.01527327
   25.11511512    0.01542381
   25.15515516    0.01557536
   25.19519520    0.01572675
   25.23523524    0.01587655
   25.27527528    0.01602289
   25.31531532    0.01616344
   25.35535536    0.01629525
   25.39539540    0.01641471
   25.43543544    0.01651757
   25.47547548    0.01659902
   25.51551552    0.01665390
   25.55555556    0.01667702
   25.59559560    0.01666360
   25.63563564    0.01660976
   25.67567568    0.01651299
   25.71571572    0.01637250
   25.75575576    0.01618944
   25.79579580    0.01596681
   25.83583584    0.01570924
   25.87587588    0.01542249
   25.91591592    0.01511290
   25.95595596    0.01478674
   25.99599600    0.01444977
   26.03603604    0.01410674
   26.07607608    0.01376129
   26.11611612    0.01341587
   26.15615616    0.01307187
   26.19619620    0.01272986
   26.23623624    0.01238990
   26.27627628    0.01205177
   26.31631632    0.01171525
   26.35635636    0.01138036
   26.39639640    0.01104746
   26.43643644    0.01071732
   26.47647648    0.01039112
   26.51651652    0.01007032
   26.55655656    0.00975661
   26.59659660    0.00945171
   26.63663664    0.00915725
   26.67667668    0.00887471
   26.71671672    0.00860530
   26.75675676    0.00834994
   26.79679680    0.00810930
   26.83683684    0.00788376
   26.87687688    0.00767347
   26.91691692    0.00747840
   26.95695696    0.00729834
   26.99699700    0.00713297
   27.03703704    0.00698188
   27.07707708    0.00684460
   27.11711712    0.00672061
   27.15715716    0.00660937
   27.19719720    0.00651034
   27.23723724    0.00642296
   27.27727728    0.00634669
   27.31731732    0.00628098
   27.35735736    0.00622531
   27.39739740    0.00617915
   27.43743744    0.00614195
   27.47747748    0.00611319
   27.51751752    0.00609231
   27.55755756    0.00607876
   27.59759760    0.00607193
   27.63763764    0.00607123
   27.67767768    0.00607604
   27.71771772    0.00608572
   27.75775776    0.00609965
   27.79779780    0.00611723
   27.83783784    0.00613784
   27.87787788    0.00616095
   27.91791792    0.00618604
   27.95795796    0.00621265
   27.99799800    0.00624038
   28.03803804    0.00626889
   28.07807808    0.00629794
   28.11811812    0.00632733
   28.15815816    0.00635696
   28.19819820    0.00638681
   28.23823824    0.00641690
   28.27827828    0.00644729
   28.31831832    0.00647805
   28.35835836    0.00650922
   28.39839840    0.00654079
   28.43843844    0.00657267
   28.47847848    0.00660464
   28.51851852    0.00663637
   28.55855856    0.00666741
   28.59859860    0.00669716
   28.63863864    0.00672487
   28.67867868    0.00674972
   28.71871872    0.00677081
   28.75875876    0.00678719
   28.79879880    0.00679798
   28.83883884    0.00680237
   28.87887888    0.00679969
   28.91891892    0.00678950
   28.95895896    0.00677155
   28.99899900    0.00674587
   29.03903904    0.00671270
   29.07907908    0.00667246
   29.11911912    0.00662577
   29.15915916    0.00657332
   29.19919920    0.00651586
   29.23923924    0.00645418
   29.27927928    0.00638903
   29.31931932    0.00632117
   29.35935936    0.00625128
   29.39939940    0.00618004
   29.43943944    0.00610808
   29.47947948    0.00603601
   29.51951952    0.00596441
   29.55955956    0.00589385
   29.59959960    0.00582486
   29.63963964    0.00575796
   29.67967968    0.00569361
   29.71971972    0.00563224
   29.75975976    0.00557420
   29.79979980    0.00551978
   29.83983984    0.00546919
   29.87987988    0.00542256
   29.91991992    0.00537995
   29.95995996    0.00534137
   30.00000000    0.00530676
